Mhp         Mh1         ld345     pp_hpmh12(fb)     pp_hphm(fb)      xs_t(fb)
100       99.8431        0.0       8.178e+02        2.181e+02        1.036e+03  
110       109.8431       0.0       5.758e+02        1.550e+02        7.309e+02  
120       119.8431       0.0       4.181e+02        1.134e+02        5.315e+02  
130       129.8431       0.0       3.113e+02        8.489e+01        3.962e+02  
140       139.8431       0.0       2.368e+02        6.483e+01        3.016e+02  
150       149.8431       0.0       1.834e+02        5.032e+01        2.337e+02  
160       159.8431       0.0       1.442e+02        3.964e+01        1.838e+02  
170       169.8431       0.0       1.148e+02        3.165e+01        1.465e+02  
180       179.8431       0.0       9.253e+01        2.553e+01        1.181e+02  
190       189.8431       0.0       7.536e+01        2.080e+01        9.617e+01  
200       199.8431       0.0       6.192e+01        1.710e+01        7.902e+01  
210       209.8431       0.0       5.132e+01        1.417e+01        6.549e+01  
220       219.8431       0.0       4.285e+01        1.184e+01        5.469e+01  
230       229.8431       0.0       3.601e+01        9.951e+00        4.596e+01  
240       239.8431       0.0       3.045e+01        8.407e+00        3.886e+01  
250       249.8431       0.0       2.589e+01        7.152e+00        3.304e+01  
260       259.8431       0.0       2.214e+01        6.109e+00        2.825e+01  
270       269.8431       0.0       1.901e+01        5.245e+00        2.426e+01  
280       279.8431       0.0       1.641e+01        4.524e+00        2.094e+01  
290       289.8431       0.0       1.422e+01        3.917e+00        1.814e+01  
300       299.8431       0.0       1.237e+01        3.403e+00        1.577e+01  
310       309.8431       0.0       1.080e+01        2.968e+00        1.377e+01  
320       319.8431       0.0       9.457e+00        2.598e+00        1.205e+01  
330       329.8431       0.0       8.311e+00        2.280e+00        1.059e+01  
340       339.8431       0.0       7.323e+00        2.007e+00        9.330e+00  
350       349.8431       0.0       6.470e+00        1.773e+00        8.243e+00  
360       359.8431       0.0       5.734e+00        1.570e+00        7.304e+00  
370       369.8431       0.0       5.093e+00        1.393e+00        6.486e+00  
380       379.8431       0.0       4.533e+00        1.238e+00        5.772e+00  
390       389.8431       0.0       4.046e+00        1.105e+00        5.151e+00  
400       399.8431       0.0       3.618e+00        9.866e-01        4.605e+00  
410       409.8431       0.0       3.243e+00        8.831e-01        4.126e+00  
420       419.8431       0.0       2.910e+00        7.921e-01        3.702e+00  
430       429.8431       0.0       2.617e+00        7.115e-01        3.328e+00  
440       439.8431       0.0       2.357e+00        6.406e-01        2.998e+00  
450       449.8431       0.0       2.128e+00        5.776e-01        2.705e+00  
460       459.8431       0.0       1.923e+00        5.215e-01        2.444e+00  
470       469.8431       0.0       1.741e+00        4.716e-01        2.213e+00  
480       479.8431       0.0       1.579e+00        4.273e-01        2.006e+00  
490       489.8431       0.0       1.433e+00        3.873e-01        1.820e+00  
500       499.8431       0.0       1.303e+00        3.518e-01        1.655e+00  
510       509.8431       0.0       1.185e+00        3.199e-01        1.505e+00  
520       519.8431       0.0       1.081e+00        2.913e-01        1.372e+00  
530       529.8431       0.0       9.853e-01        2.656e-01        1.251e+00  
540       539.8431       0.0       9.000e-01        2.424e-01        1.142e+00  
550       549.8431       0.0       8.231e-01        2.214e-01        1.045e+00  
560       559.8431       0.0       7.534e-01        2.026e-01        9.561e-01  
570       569.8431       0.0       6.902e-01        1.855e-01        8.757e-01  
580       579.8431       0.0       6.332e-01        1.700e-01        8.033e-01  
590       589.8431       0.0       5.812e-01        1.559e-01        7.371e-01  
600       599.8431       0.0       5.340e-01        1.432e-01        6.773e-01  
610       609.8431       0.0       4.911e-01        1.316e-01        6.227e-01  
620       619.8431       0.0       4.521e-01        1.211e-01        5.733e-01  
630       629.8431       0.0       4.165e-01        1.114e-01        5.279e-01  
640       639.8431       0.0       3.840e-01        1.027e-01        4.867e-01  
650       649.8431       0.0       3.543e-01        9.470e-02        4.490e-01  
660       659.8431       0.0       3.272e-01        8.742e-02        4.146e-01  
670       669.8431       0.0       3.023e-01        8.073e-02        3.830e-01  
680       679.8431       0.0       2.795e-01        7.465e-02        3.542e-01  
690       689.8431       0.0       2.586e-01        6.901e-02        3.276e-01  
700       699.8431       0.0       2.394e-01        6.387e-02        3.033e-01  
710       709.8431       0.0       2.218e-01        5.914e-02        2.810e-01  
720       719.8431       0.0       2.057e-01        5.482e-02        2.605e-01  
730       729.8431       0.0       1.908e-01        5.083e-02        2.416e-01  
740       739.8431       0.0       1.771e-01        4.715e-02        2.242e-01  
750       749.8431       0.0       1.644e-01        4.378e-02        2.082e-01  
760       759.8431       0.0       1.528e-01        4.065e-02        1.935e-01  
770       769.8431       0.0       1.421e-01        3.779e-02        1.799e-01  
780       779.8431       0.0       1.322e-01        3.515e-02        1.673e-01  
790       789.8431       0.0       1.230e-01        3.270e-02        1.557e-01  
800       799.8431       0.0       1.145e-01        3.044e-02        1.450e-01  
810       809.8431       0.0       1.067e-01        2.835e-02        1.350e-01  
820       819.8431       0.0       9.945e-02        2.642e-02        1.259e-01  
830       829.8431       0.0       9.270e-02        2.463e-02        1.173e-01  
840       839.8431       0.0       8.649e-02        2.297e-02        1.095e-01  
850       849.8431       0.0       8.071e-02        2.143e-02        1.021e-01  
860       859.8431       0.0       7.535e-02        2.000e-02        9.535e-02  
870       869.8431       0.0       7.039e-02        1.869e-02        8.908e-02  
880       879.8431       0.0       6.577e-02        1.745e-02        8.323e-02  
890       889.8431       0.0       6.148e-02        1.632e-02        7.780e-02  
900       899.8431       0.0       5.748e-02        1.526e-02        7.274e-02  
910       909.8431       0.0       5.377e-02        1.427e-02        6.804e-02  
920       919.8431       0.0       5.032e-02        1.335e-02        6.367e-02  
930       929.8431       0.0       4.711e-02        1.250e-02        5.961e-02  
940       939.8431       0.0       4.411e-02        1.171e-02        5.581e-02  
950       949.8431       0.0       4.132e-02        1.097e-02        5.229e-02  
960       959.8431       0.0       3.871e-02        1.028e-02        4.898e-02  
970       969.8431       0.0       3.628e-02        9.635e-03        4.592e-02  
980       979.8431       0.0       3.404e-02        9.031e-03        4.307e-02  
990       989.8431       0.0       3.192e-02        8.471e-03        4.039e-02  
1000      999.8431       0.0       2.994e-02        7.952e-03        3.789e-02  
