 C_Mass(GeV)   N_Mass(GeV)    tau(ns)    Init_xs(fb)      EAxEE           TAxTE        EAxEExTAxTE       total_eff    xs100(fb)     xslim(fb)         Ntr          r        MCev 
   100.000     99.843         0.010      1031.387      7.4724e-02      5.0175e-05      3.7492e-06      1.3709e-06    1.414e-03     1.605e+05       5.10e-02    6.43e-03    1341 
   100.000     99.843         0.015      1031.387      7.4724e-02      3.0109e-04      2.2499e-05      7.9704e-06    8.221e-03     2.760e+04       2.97e-01    3.74e-02    6909 
   100.000     99.843         0.020      1031.387      7.4724e-02      8.9478e-04      6.6861e-05      2.3144e-05    2.387e-02     9.506e+03       8.62e-01    1.08e-01    19042 
   100.000     99.843         0.025      1031.387      7.4724e-02      1.9358e-03      1.4465e-04      4.9443e-05    5.099e-02     4.450e+03       1.84e+00    2.32e-01    38801 
   100.000     99.843         0.030      1031.387      7.4724e-02      3.4263e-03      2.5603e-04      8.6713e-05    8.943e-02     2.537e+03       3.23e+00    4.06e-01    66380 
   100.000     99.843         0.040      1031.387      7.4724e-02      7.6305e-03      5.7018e-04      1.9031e-04    1.963e-01     1.156e+03       7.09e+00    8.92e-01    140286 
   100.000     99.843         0.050      1031.387      7.4724e-02      1.2919e-02      9.6539e-04      3.1914e-04    3.292e-01     6.894e+02       1.19e+01    1.50e+00    231039 
   100.000     99.843         0.060      1031.387      7.4724e-02      1.8836e-02      1.4075e-03      4.6291e-04    4.774e-01     4.753e+02       1.72e+01    2.17e+00    331752 
   100.000     99.843         0.070      1031.387      7.4724e-02      2.5122e-02      1.8772e-03      6.1367e-04    6.329e-01     3.585e+02       2.28e+01    2.88e+00    438189 
   100.000     99.843         0.080      1031.387      7.4724e-02      3.1260e-02      2.3359e-03      7.6056e-04    7.844e-01     2.893e+02       2.83e+01    3.57e+00    544341 
   100.000     99.843         0.090      1031.387      7.4724e-02      3.7176e-02      2.7779e-03      9.0114e-04    9.294e-01     2.441e+02       3.36e+01    4.22e+00    648778 
   100.000     99.843         0.100      1031.387      7.4724e-02      4.2789e-02      3.1973e-03      1.0326e-03    1.065e+00     2.131e+02       3.84e+01    4.84e+00    749296 
   100.000     99.843         0.150      1031.387      7.4724e-02      6.4972e-02      4.8550e-03      1.5419e-03    1.590e+00     1.427e+02       5.74e+01    7.23e+00    1179045 
   100.000     99.843         0.200      1031.387      7.4724e-02      7.8556e-02      5.8700e-03      1.8343e-03    1.892e+00     1.199e+02       6.83e+01    8.60e+00    1496308 
   100.000     99.843         0.250      1031.387      7.4724e-02      8.6501e-02      6.4637e-03      1.9892e-03    2.052e+00     1.106e+02       7.41e+01    9.33e+00    1727282 
   100.000     99.843         0.300      1031.387      7.4724e-02      9.0677e-02      6.7757e-03      2.0548e-03    2.119e+00     1.071e+02       7.65e+01    9.63e+00    1897465 
   100.000     99.843         0.400      1031.387      7.4724e-02      9.2508e-02      6.9125e-03      2.0466e-03    2.111e+00     1.075e+02       7.62e+01    9.60e+00    2125748 
   100.000     99.843         0.500      1031.387      7.4724e-02      9.0599e-02      6.7699e-03      1.9616e-03    2.023e+00     1.122e+02       7.30e+01    9.20e+00    2264313 
   100.000     99.843         0.600      1031.387      7.4724e-02      8.7169e-02      6.5136e-03      1.8574e-03    1.916e+00     1.184e+02       6.92e+01    8.71e+00    2353508 
   100.000     99.843         0.700      1031.387      7.4724e-02      8.3213e-02      6.2179e-03      1.7471e-03    1.802e+00     1.259e+02       6.51e+01    8.19e+00    2415179 
   100.000     99.843         0.800      1031.387      7.4724e-02      7.9132e-02      5.9130e-03      1.6421e-03    1.694e+00     1.340e+02       6.11e+01    7.70e+00    2460600 
   100.000     99.843         0.900      1031.387      7.4724e-02      7.5501e-02      5.6417e-03      1.5510e-03    1.600e+00     1.418e+02       5.77e+01    7.27e+00    2490340 
   100.000     99.843         1.000      1031.387      7.4724e-02      7.1703e-02      5.3579e-03      1.4599e-03    1.506e+00     1.507e+02       5.44e+01    6.85e+00    2514429 
   100.000     99.843         1.500      1031.387      7.4724e-02      5.7225e-02      4.2761e-03      1.1281e-03    1.164e+00     1.950e+02       4.20e+01    5.29e+00    2570530 
   100.000     99.843         2.000      1031.387      7.4724e-02      4.7247e-02      3.5304e-03      9.1403e-04    9.427e-01     2.407e+02       3.40e+01    4.29e+00    2590229 
   100.000     99.843         2.500      1031.387      7.4724e-02      4.0236e-02      3.0066e-03      7.6797e-04    7.921e-01     2.865e+02       2.86e+01    3.60e+00    2597712 
   100.000     99.843         3.000      1031.387      7.4724e-02      3.5006e-02      2.6158e-03      6.6150e-04    6.823e-01     3.326e+02       2.46e+01    3.10e+00    2601882 
   100.000     99.843         4.000      1031.387      7.4724e-02      2.7771e-02      2.0751e-03      5.1767e-04    5.339e-01     4.250e+02       1.93e+01    2.43e+00    2602776 
   100.000     99.843         5.000      1031.387      7.4724e-02      2.3032e-02      1.7210e-03      4.2583e-04    4.392e-01     5.166e+02       1.59e+01    2.00e+00    2602483 
   100.000     99.843         6.000      1031.387      7.4724e-02      1.9649e-02      1.4682e-03      3.6169e-04    3.730e-01     6.083e+02       1.35e+01    1.70e+00    2600987 
   100.000     99.843         7.000      1031.387      7.4724e-02      1.7212e-02      1.2861e-03      3.1557e-04    3.255e-01     6.972e+02       1.17e+01    1.48e+00    2600719 
   100.000     99.843         8.000      1031.387      7.4724e-02      1.5107e-02      1.1289e-03      2.7631e-04    2.850e-01     7.962e+02       1.03e+01    1.30e+00    2599265 
   100.000     99.843         9.000      1031.387      7.4724e-02      1.3666e-02      1.0212e-03      2.4856e-04    2.564e-01     8.851e+02       9.25e+00    1.17e+00    2598199 
   100.000     99.843         10.000      1031.387      7.4724e-02      1.2373e-02      9.2453e-04      2.2481e-04    2.319e-01     9.786e+02       8.37e+00    1.05e+00    2596260 
   200.000     199.843         0.010      78.442      1.6687e-01      3.9409e-06      6.5762e-07      1.9025e-07    1.492e-05     1.156e+06       5.39e-04    6.78e-05    425 
   200.000     199.843         0.015      78.442      1.6687e-01      4.2775e-05      7.1379e-06      2.0864e-06    1.637e-04     1.054e+05       5.91e-03    7.44e-04    3520 
   200.000     199.843         0.020      78.442      1.6687e-01      1.8688e-04      3.1185e-05      9.1933e-06    7.211e-04     2.393e+04       2.60e-02    3.28e-03    13036 
   200.000     199.843         0.025      78.442      1.6687e-01      5.0963e-04      8.5042e-05      2.5027e-05    1.963e-03     8.791e+03       7.09e-02    8.92e-03    32242 
   200.000     199.843         0.030      78.442      1.6687e-01      1.0622e-03      1.7726e-04      5.2011e-05    4.080e-03     4.230e+03       1.47e-01    1.85e-02    63105 
   200.000     199.843         0.040      78.442      1.6687e-01      2.9424e-03      4.9100e-04      1.4347e-04    1.125e-02     1.533e+03       4.06e-01    5.11e-02    159089 
   200.000     199.843         0.050      78.442      1.6687e-01      5.8155e-03      9.7043e-04      2.8254e-04    2.216e-02     7.787e+02       8.00e-01    1.01e-01    297511 
   200.000     199.843         0.060      78.442      1.6687e-01      9.5037e-03      1.5859e-03      4.5971e-04    3.606e-02     4.786e+02       1.30e+00    1.64e-01    468914 
   200.000     199.843         0.070      78.442      1.6687e-01      1.3819e-02      2.3059e-03      6.6655e-04    5.229e-02     3.301e+02       1.89e+00    2.38e-01    664917 
   200.000     199.843         0.080      78.442      1.6687e-01      1.8369e-02      3.0652e-03      8.8390e-04    6.933e-02     2.489e+02       2.50e+00    3.15e-01    871541 
   200.000     199.843         0.090      78.442      1.6687e-01      2.3191e-02      3.8698e-03      1.1138e-03    8.737e-02     1.975e+02       3.15e+00    3.97e-01    1090889 
   200.000     199.843         0.100      78.442      1.6687e-01      2.8065e-02      4.6832e-03      1.3453e-03    1.055e-01     1.635e+02       3.81e+00    4.80e-01    1313172 
   200.000     199.843         0.150      78.442      1.6687e-01      5.0323e-02      8.3974e-03      2.3979e-03    1.881e-01     9.175e+01       6.79e+00    8.55e-01    2371169 
   200.000     199.843         0.200      78.442      1.6687e-01      6.7045e-02      1.1188e-02      3.1841e-03    2.498e-01     6.909e+01       9.02e+00    1.14e+00    3266505 
   200.000     199.843         0.250      78.442      1.6687e-01      7.8518e-02      1.3102e-02      3.7179e-03    2.916e-01     5.917e+01       1.05e+01    1.33e+00    3983948 
   200.000     199.843         0.300      78.442      1.6687e-01      8.6285e-02      1.4398e-02      4.0724e-03    3.194e-01     5.402e+01       1.15e+01    1.45e+00    4561335 
   200.000     199.843         0.400      78.442      1.6687e-01      9.3917e-02      1.5672e-02      4.4060e-03    3.456e-01     4.993e+01       1.25e+01    1.57e+00    5396391 
   200.000     199.843         0.500      78.442      1.6687e-01      9.5967e-02      1.6014e-02      4.4748e-03    3.510e-01     4.916e+01       1.27e+01    1.60e+00    5952787 
   200.000     199.843         0.600      78.442      1.6687e-01      9.5172e-02      1.5881e-02      4.4131e-03    3.462e-01     4.985e+01       1.25e+01    1.57e+00    6343175 
   200.000     199.843         0.700      78.442      1.6687e-01      9.2995e-02      1.5518e-02      4.2898e-03    3.365e-01     5.128e+01       1.21e+01    1.53e+00    6622075 
   200.000     199.843         0.800      78.442      1.6687e-01      9.0180e-02      1.5048e-02      4.1387e-03    3.247e-01     5.316e+01       1.17e+01    1.48e+00    6830197 
   200.000     199.843         0.900      78.442      1.6687e-01      8.7117e-02      1.4537e-02      3.9800e-03    3.122e-01     5.528e+01       1.13e+01    1.42e+00    6985735 
   200.000     199.843         1.000      78.442      1.6687e-01      8.3794e-02      1.3983e-02      3.8125e-03    2.991e-01     5.770e+01       1.08e+01    1.36e+00    7102689 
   200.000     199.843         1.500      78.442      1.6687e-01      6.9561e-02      1.1608e-02      3.1120e-03    2.441e-01     7.069e+01       8.81e+00    1.11e+00    7428445 
   200.000     199.843         2.000      78.442      1.6687e-01      5.8753e-02      9.8042e-03      2.5970e-03    2.037e-01     8.471e+01       7.35e+00    9.26e-01    7550944 
   200.000     199.843         2.500      78.442      1.6687e-01      5.0598e-02      8.4433e-03      2.2173e-03    1.739e-01     9.922e+01       6.28e+00    7.90e-01    7609086 
   200.000     199.843         3.000      78.442      1.6687e-01      4.4349e-02      7.4005e-03      1.9303e-03    1.514e-01     1.140e+02       5.47e+00    6.88e-01    7633915 
   200.000     199.843         4.000      78.442      1.6687e-01      3.5667e-02      5.9518e-03      1.5383e-03    1.207e-01     1.430e+02       4.36e+00    5.49e-01    7658895 
   200.000     199.843         5.000      78.442      1.6687e-01      2.9779e-02      4.9693e-03      1.2761e-03    1.001e-01     1.724e+02       3.61e+00    4.55e-01    7665147 
   200.000     199.843         6.000      78.442      1.6687e-01      2.5549e-02      4.2634e-03      1.0896e-03    8.547e-02     2.019e+02       3.09e+00    3.89e-01    7663691 
   200.000     199.843         7.000      78.442      1.6687e-01      2.2398e-02      3.7375e-03      9.5217e-04    7.469e-02     2.311e+02       2.70e+00    3.40e-01    7661651 
   200.000     199.843         8.000      78.442      1.6687e-01      1.9896e-02      3.3200e-03      8.4385e-04    6.619e-02     2.607e+02       2.39e+00    3.01e-01    7660285 
   200.000     199.843         9.000      78.442      1.6687e-01      1.7972e-02      2.9990e-03      7.6073e-04    5.967e-02     2.892e+02       2.15e+00    2.71e-01    7657610 
   200.000     199.843         10.000      78.442      1.6687e-01      1.6286e-02      2.7176e-03      6.8828e-04    5.399e-02     3.196e+02       1.95e+00    2.45e-01    7655097 
   300.000     299.843         0.010      15.570      1.5950e-01      7.9966e-07      1.2754e-07      5.6393e-08    8.781e-07     3.901e+06       3.17e-05    3.99e-06    72 
   300.000     299.843         0.015      15.570      1.5950e-01      1.1991e-05      1.9125e-06      7.9670e-07    1.240e-05     2.761e+05       4.48e-04    5.64e-05    921 
   300.000     299.843         0.020      15.570      1.5950e-01      6.1766e-05      9.8514e-06      4.1274e-06    6.427e-05     5.330e+04       2.32e-03    2.92e-04    4142 
   300.000     299.843         0.025      15.570      1.5950e-01      1.9278e-04      3.0748e-05      1.2864e-05    2.003e-04     1.710e+04       7.23e-03    9.10e-04    12003 
   300.000     299.843         0.030      15.570      1.5950e-01      4.6788e-04      7.4625e-05      3.1019e-05    4.830e-04     7.092e+03       1.74e-02    2.20e-03    26379 
   300.000     299.843         0.040      15.570      1.5950e-01      1.5459e-03      2.4656e-04      1.0180e-04    1.585e-03     2.161e+03       5.72e-02    7.20e-03    77861 
   300.000     299.843         0.050      15.570      1.5950e-01      3.4581e-03      5.5155e-04      2.2712e-04    3.536e-03     9.687e+02       1.28e-01    1.61e-02    160872 
   300.000     299.843         0.060      15.570      1.5950e-01      6.1157e-03      9.7542e-04      4.0010e-04    6.230e-03     5.499e+02       2.25e-01    2.83e-02    270828 
   300.000     299.843         0.070      15.570      1.5950e-01      9.4294e-03      1.5040e-03      6.1524e-04    9.580e-03     3.576e+02       3.46e-01    4.35e-02    403621 
   300.000     299.843         0.080      15.570      1.5950e-01      1.3210e-02      2.1070e-03      8.6031e-04    1.340e-02     2.557e+02       4.84e-01    6.09e-02    551630 
   300.000     299.843         0.090      15.570      1.5950e-01      1.7270e-02      2.7544e-03      1.1230e-03    1.749e-02     1.959e+02       6.31e-01    7.95e-02    709212 
   300.000     299.843         0.100      15.570      1.5950e-01      2.1575e-02      3.4411e-03      1.4008e-03    2.181e-02     1.571e+02       7.87e-01    9.91e-02    875309 
   300.000     299.843         0.150      15.570      1.5950e-01      4.2935e-02      6.8479e-03      2.7780e-03    4.325e-02     7.919e+01       1.56e+00    1.97e-01    1718233 
   300.000     299.843         0.200      15.570      1.5950e-01      6.0710e-02      9.6830e-03      3.9197e-03    6.103e-02     5.613e+01       2.20e+00    2.77e-01    2476166 
   300.000     299.843         0.250      15.570      1.5950e-01      7.4095e-02      1.1818e-02      4.7769e-03    7.438e-02     4.605e+01       2.69e+00    3.38e-01    3120071 
   300.000     299.843         0.300      15.570      1.5950e-01      8.3686e-02      1.3348e-02      5.3898e-03    8.392e-02     4.082e+01       3.03e+00    3.81e-01    3648781 
   300.000     299.843         0.400      15.570      1.5950e-01      9.4628e-02      1.5093e-02      6.0797e-03    9.466e-02     3.619e+01       3.42e+00    4.30e-01    4440695 
   300.000     299.843         0.500      15.570      1.5950e-01      9.9208e-02      1.5823e-02      6.3600e-03    9.903e-02     3.459e+01       3.57e+00    4.50e-01    4999613 
   300.000     299.843         0.600      15.570      1.5950e-01      1.0015e-01      1.5973e-02      6.4052e-03    9.973e-02     3.435e+01       3.60e+00    4.53e-01    5396454 
   300.000     299.843         0.700      15.570      1.5950e-01      9.9248e-02      1.5830e-02      6.3336e-03    9.862e-02     3.474e+01       3.56e+00    4.48e-01    5695618 
   300.000     299.843         0.800      15.570      1.5950e-01      9.7236e-02      1.5509e-02      6.1906e-03    9.639e-02     3.554e+01       3.48e+00    4.38e-01    5916537 
   300.000     299.843         0.900      15.570      1.5950e-01      9.4661e-02      1.5098e-02      6.0145e-03    9.365e-02     3.658e+01       3.38e+00    4.26e-01    6088553 
   300.000     299.843         1.000      15.570      1.5950e-01      9.1784e-02      1.4639e-02      5.8183e-03    9.059e-02     3.781e+01       3.27e+00    4.12e-01    6221187 
   300.000     299.843         1.500      15.570      1.5950e-01      7.7676e-02      1.2389e-02      4.8790e-03    7.597e-02     4.509e+01       2.74e+00    3.45e-01    6599905 
   300.000     299.843         2.000      15.570      1.5950e-01      6.6432e-02      1.0596e-02      4.1422e-03    6.449e-02     5.311e+01       2.33e+00    2.93e-01    6758849 
   300.000     299.843         2.500      15.570      1.5950e-01      5.7693e-02      9.2018e-03      3.5766e-03    5.569e-02     6.151e+01       2.01e+00    2.53e-01    6836063 
   300.000     299.843         3.000      15.570      1.5950e-01      5.0908e-02      8.1197e-03      3.1420e-03    4.892e-02     7.002e+01       1.77e+00    2.22e-01    6878227 
   300.000     299.843         4.000      15.570      1.5950e-01      4.1139e-02      6.5616e-03      2.5212e-03    3.926e-02     8.726e+01       1.42e+00    1.78e-01    6916624 
   300.000     299.843         5.000      15.570      1.5950e-01      3.4494e-02      5.5017e-03      2.1037e-03    3.275e-02     1.046e+02       1.18e+00    1.49e-01    6930178 
   300.000     299.843         6.000      15.570      1.5950e-01      2.9673e-02      4.7328e-03      1.8025e-03    2.806e-02     1.221e+02       1.01e+00    1.28e-01    6937633 
   300.000     299.843         7.000      15.570      1.5950e-01      2.6062e-02      4.1569e-03      1.5785e-03    2.458e-02     1.394e+02       8.87e-01    1.12e-01    6939319 
   300.000     299.843         8.000      15.570      1.5950e-01      2.3224e-02      3.7042e-03      1.4040e-03    2.186e-02     1.567e+02       7.89e-01    9.94e-02    6939529 
   300.000     299.843         9.000      15.570      1.5950e-01      2.0980e-02      3.3462e-03      1.2662e-03    1.972e-02     1.737e+02       7.12e-01    8.96e-02    6937922 
   300.000     299.843         10.000      15.570      1.5950e-01      1.9027e-02      3.0348e-03      1.1463e-03    1.785e-02     1.919e+02       6.44e-01    8.11e-02    6937230 
   400.000     399.843         0.010      4.567      2.2490e-01      2.5104e-07      5.6458e-08      1.8556e-08    8.474e-08     1.186e+07       3.06e-06    3.85e-07    47 
   400.000     399.843         0.015      4.567      2.2490e-01      4.7195e-06      1.0614e-06      3.7153e-07    1.697e-06     5.921e+05       6.13e-05    7.71e-06    665 
   400.000     399.843         0.020      4.567      2.2490e-01      2.8325e-05      6.3702e-06      2.2634e-06    1.034e-05     9.720e+04       3.73e-04    4.70e-05    3543 
   400.000     399.843         0.025      4.567      2.2490e-01      1.0009e-04      2.2510e-05      7.9423e-06    3.627e-05     2.770e+04       1.31e-03    1.65e-04    11060 
   400.000     399.843         0.030      4.567      2.2490e-01      2.5949e-04      5.8358e-05      2.0589e-05    9.403e-05     1.069e+04       3.39e-03    4.27e-04    25477 
   400.000     399.843         0.040      4.567      2.2490e-01      9.5433e-04      2.1463e-04      7.5195e-05    3.434e-04     2.926e+03       1.24e-02    1.56e-03    82102 
   400.000     399.843         0.050      4.567      2.2490e-01      2.2596e-03      5.0818e-04      1.7716e-04    8.091e-04     1.242e+03       2.92e-02    3.68e-03    179195 
   400.000     399.843         0.060      4.567      2.2490e-01      4.2707e-03      9.6046e-04      3.3374e-04    1.524e-03     6.592e+02       5.50e-02    6.93e-03    315925 
   400.000     399.843         0.070      4.567      2.2490e-01      6.8305e-03      1.5362e-03      5.3215e-04    2.430e-03     4.134e+02       8.77e-02    1.10e-02    485625 
   400.000     399.843         0.080      4.567      2.2490e-01      9.9210e-03      2.2312e-03      7.7141e-04    3.523e-03     2.852e+02       1.27e-01    1.60e-02    682952 
   400.000     399.843         0.090      4.567      2.2490e-01      1.3374e-02      3.0078e-03      1.0373e-03    4.737e-03     2.121e+02       1.71e-01    2.15e-02    900088 
   400.000     399.843         0.100      4.567      2.2490e-01      1.7080e-02      3.8412e-03      1.3232e-03    6.043e-03     1.663e+02       2.18e-01    2.75e-02    1130127 
   400.000     399.843         0.150      4.567      2.2490e-01      3.7009e-02      8.3232e-03      2.8548e-03    1.304e-02     7.706e+01       4.71e-01    5.93e-02    2366054 
   400.000     399.843         0.200      4.567      2.2490e-01      5.4921e-02      1.2352e-02      4.2260e-03    1.930e-02     5.206e+01       6.97e-01    8.77e-02    3536499 
   400.000     399.843         0.250      4.567      2.2490e-01      6.9114e-02      1.5544e-02      5.3110e-03    2.425e-02     4.142e+01       8.76e-01    1.10e-01    4553893 
   400.000     399.843         0.300      4.567      2.2490e-01      7.9731e-02      1.7931e-02      6.1200e-03    2.795e-02     3.595e+01       1.01e+00    1.27e-01    5408769 
   400.000     399.843         0.400      4.567      2.2490e-01      9.3054e-02      2.0928e-02      7.1322e-03    3.257e-02     3.085e+01       1.18e+00    1.48e-01    6736040 
   400.000     399.843         0.500      4.567      2.2490e-01      9.9289e-02      2.2330e-02      7.5985e-03    3.470e-02     2.895e+01       1.25e+00    1.58e-01    7676735 
   400.000     399.843         0.600      4.567      2.2490e-01      1.0165e-01      2.2860e-02      7.7681e-03    3.548e-02     2.832e+01       1.28e+00    1.61e-01    8364547 
   400.000     399.843         0.700      4.567      2.2490e-01      1.0157e-01      2.2844e-02      7.7515e-03    3.540e-02     2.838e+01       1.28e+00    1.61e-01    8871719 
   400.000     399.843         0.800      4.567      2.2490e-01      1.0030e-01      2.2557e-02      7.6444e-03    3.491e-02     2.878e+01       1.26e+00    1.59e-01    9265750 
   400.000     399.843         0.900      4.567      2.2490e-01      9.8196e-02      2.2084e-02      7.4739e-03    3.413e-02     2.944e+01       1.23e+00    1.55e-01    9565231 
   400.000     399.843         1.000      4.567      2.2490e-01      9.5817e-02      2.1549e-02      7.2823e-03    3.326e-02     3.021e+01       1.20e+00    1.51e-01    9806745 
   400.000     399.843         1.500      4.567      2.2490e-01      8.2519e-02      1.8558e-02      6.2342e-03    2.847e-02     3.529e+01       1.03e+00    1.29e-01    10479356 
   400.000     399.843         2.000      4.567      2.2490e-01      7.1049e-02      1.5979e-02      5.3416e-03    2.439e-02     4.119e+01       8.81e-01    1.11e-01    10755753 
   400.000     399.843         2.500      4.567      2.2490e-01      6.2092e-02      1.3964e-02      4.6493e-03    2.123e-02     4.732e+01       7.66e-01    9.65e-02    10894194 
   400.000     399.843         3.000      4.567      2.2490e-01      5.4983e-02      1.2366e-02      4.1039e-03    1.874e-02     5.361e+01       6.77e-01    8.52e-02    10965307 
   400.000     399.843         4.000      4.567      2.2490e-01      4.4628e-02      1.0037e-02      3.3136e-03    1.513e-02     6.639e+01       5.46e-01    6.88e-02    11029121 
   400.000     399.843         5.000      4.567      2.2490e-01      3.7508e-02      8.4355e-03      2.7739e-03    1.267e-02     7.931e+01       4.57e-01    5.76e-02    11050129 
   400.000     399.843         6.000      4.567      2.2490e-01      3.2335e-02      7.2721e-03      2.3851e-03    1.089e-02     9.224e+01       3.93e-01    4.95e-02    11056228 
   400.000     399.843         7.000      4.567      2.2490e-01      2.8421e-02      6.3917e-03      2.0917e-03    9.552e-03     1.052e+02       3.45e-01    4.34e-02    11055927 
   400.000     399.843         8.000      4.567      2.2490e-01      2.5360e-02      5.7034e-03      1.8623e-03    8.505e-03     1.181e+02       3.07e-01    3.87e-02    11051783 
   400.000     399.843         9.000      4.567      2.2490e-01      2.2891e-02      5.1482e-03      1.6792e-03    7.668e-03     1.310e+02       2.77e-01    3.49e-02    11046710 
   400.000     399.843         10.000      4.567      2.2490e-01      2.0812e-02      4.6805e-03      1.5241e-03    6.960e-03     1.443e+02       2.51e-01    3.16e-02    11044089 
   500.000     499.843         0.010      1.624      2.9159e-01      1.2440e-07      3.6275e-08      1.1693e-08    1.898e-08     1.881e+07       6.85e-07    8.63e-08    19 
   500.000     499.843         0.015      1.624      2.9159e-01      2.2383e-06      6.5265e-07      2.1787e-07    3.537e-07     1.010e+06       1.28e-05    1.61e-06    197 
   500.000     499.843         0.020      1.624      2.9159e-01      1.5204e-05      4.4332e-06      1.4605e-06    2.371e-06     1.506e+05       8.56e-05    1.08e-05    1087 
   500.000     499.843         0.025      1.624      2.9159e-01      5.7256e-05      1.6695e-05      5.3423e-06    8.673e-06     4.118e+04       3.13e-04    3.94e-05    3774 
   500.000     499.843         0.030      1.624      2.9159e-01      1.5478e-04      4.5132e-05      1.4345e-05    2.329e-05     1.534e+04       8.41e-04    1.06e-04    9159 
   500.000     499.843         0.040      1.624      2.9159e-01      6.1797e-04      1.8019e-04      5.6064e-05    9.102e-05     3.924e+03       3.29e-03    4.14e-04    31775 
   500.000     499.843         0.050      1.624      2.9159e-01      1.5768e-03      4.5977e-04      1.4156e-04    2.298e-04     1.554e+03       8.30e-03    1.04e-03    73392 
   500.000     499.843         0.060      1.624      2.9159e-01      3.1075e-03      9.0611e-04      2.7756e-04    4.506e-04     7.926e+02       1.63e-02    2.05e-03    134898 
   500.000     499.843         0.070      1.624      2.9159e-01      5.1911e-03      1.5137e-03      4.6146e-04    7.492e-04     4.767e+02       2.70e-02    3.41e-03    213803 
   500.000     499.843         0.080      1.624      2.9159e-01      7.7132e-03      2.2491e-03      6.8353e-04    1.110e-03     3.219e+02       4.01e-02    5.05e-03    307258 
   500.000     499.843         0.090      1.624      2.9159e-01      1.0682e-02      3.1146e-03      9.4408e-04    1.533e-03     2.330e+02       5.53e-02    6.97e-03    412944 
   500.000     499.843         0.100      1.624      2.9159e-01      1.3956e-02      4.0693e-03      1.2314e-03    1.999e-03     1.787e+02       7.22e-02    9.09e-03    528731 
   500.000     499.843         0.150      1.624      2.9159e-01      3.2321e-02      9.4245e-03      2.8361e-03    4.604e-03     7.757e+01       1.66e-01    2.09e-02    1164816 
   500.000     499.843         0.200      1.624      2.9159e-01      4.9874e-02      1.4543e-02      4.3670e-03    7.090e-03     5.038e+01       2.56e-01    3.22e-02    1793743 
   500.000     499.843         0.250      1.624      2.9159e-01      6.4536e-02      1.8818e-02      5.6468e-03    9.168e-03     3.896e+01       3.31e-01    4.17e-02    2357125 
   500.000     499.843         0.300      1.624      2.9159e-01      7.5815e-02      2.2107e-02      6.6263e-03    1.076e-02     3.320e+01       3.88e-01    4.89e-02    2838307 
   500.000     499.843         0.400      1.624      2.9159e-01      9.0734e-02      2.6457e-02      7.9245e-03    1.287e-02     2.776e+01       4.64e-01    5.85e-02    3599212 
   500.000     499.843         0.500      1.624      2.9159e-01      9.8635e-02      2.8761e-02      8.6080e-03    1.398e-02     2.556e+01       5.05e-01    6.35e-02    4156730 
   500.000     499.843         0.600      1.624      2.9159e-01      1.0206e-01      2.9759e-02      8.8998e-03    1.445e-02     2.472e+01       5.22e-01    6.57e-02    4566139 
   500.000     499.843         0.700      1.624      2.9159e-01      1.0294e-01      3.0016e-02      8.9678e-03    1.456e-02     2.453e+01       5.26e-01    6.62e-02    4874186 
   500.000     499.843         0.800      1.624      2.9159e-01      1.0232e-01      2.9835e-02      8.9088e-03    1.446e-02     2.469e+01       5.22e-01    6.57e-02    5115624 
   500.000     499.843         0.900      1.624      2.9159e-01      1.0071e-01      2.9366e-02      8.7616e-03    1.422e-02     2.511e+01       5.14e-01    6.46e-02    5302769 
   500.000     499.843         1.000      1.624      2.9159e-01      9.8766e-02      2.8799e-02      8.5859e-03    1.394e-02     2.562e+01       5.03e-01    6.34e-02    5452865 
   500.000     499.843         1.500      1.624      2.9159e-01      8.6079e-02      2.5100e-02      7.4571e-03    1.211e-02     2.950e+01       4.37e-01    5.50e-02    5881775 
   500.000     499.843         2.000      1.624      2.9159e-01      7.4599e-02      2.1752e-02      6.4427e-03    1.046e-02     3.415e+01       3.78e-01    4.75e-02    6067482 
   500.000     499.843         2.500      1.624      2.9159e-01      6.5372e-02      1.9062e-02      5.6313e-03    9.143e-03     3.907e+01       3.30e-01    4.16e-02    6162852 
   500.000     499.843         3.000      1.624      2.9159e-01      5.8093e-02      1.6939e-02      4.9970e-03    8.113e-03     4.403e+01       2.93e-01    3.69e-02    6215598 
   500.000     499.843         4.000      1.624      2.9159e-01      4.7308e-02      1.3795e-02      4.0558e-03    6.585e-03     5.424e+01       2.38e-01    2.99e-02    6262998 
   500.000     499.843         5.000      1.624      2.9159e-01      3.9858e-02      1.1622e-02      3.4075e-03    5.532e-03     6.456e+01       2.00e-01    2.51e-02    6285110 
   500.000     499.843         6.000      1.624      2.9159e-01      3.4451e-02      1.0045e-02      2.9410e-03    4.775e-03     7.480e+01       1.72e-01    2.17e-02    6292693 
   500.000     499.843         7.000      1.624      2.9159e-01      3.0307e-02      8.8371e-03      2.5833e-03    4.194e-03     8.516e+01       1.51e-01    1.91e-02    6298588 
   500.000     499.843         8.000      1.624      2.9159e-01      2.7052e-02      7.8879e-03      2.3032e-03    3.739e-03     9.552e+01       1.35e-01    1.70e-02    6299052 
   500.000     499.843         9.000      1.624      2.9159e-01      2.4488e-02      7.1404e-03      2.0832e-03    3.382e-03     1.056e+02       1.22e-01    1.54e-02    6298532 
   500.000     499.843         10.000      1.624      2.9159e-01      2.2283e-02      6.4975e-03      1.8939e-03    3.075e-03     1.162e+02       1.11e-01    1.40e-02    6296462 
   600.000     599.843         0.010      0.667      3.5963e-01      2.7309e-10      9.8212e-11      2.5902e-11    1.729e-11     8.494e+09       6.24e-10    7.86e-11    2 
   600.000     599.843         0.015      0.667      3.5963e-01      6.8328e-07      2.4573e-07      6.5242e-08    4.354e-08     3.372e+06       1.57e-06    1.98e-07    83 
   600.000     599.843         0.020      0.667      3.5963e-01      6.5490e-06      2.3552e-06      6.2934e-07    4.200e-07     3.496e+05       1.52e-05    1.91e-06    747 
   600.000     599.843         0.025      0.667      3.5963e-01      3.1534e-05      1.1340e-05      3.0101e-06    2.009e-06     7.309e+04       7.25e-05    9.13e-06    2923 
   600.000     599.843         0.030      0.667      3.5963e-01      9.3684e-05      3.3691e-05      8.9940e-06    6.002e-06     2.446e+04       2.17e-04    2.73e-05    7730 
   600.000     599.843         0.040      0.667      3.5963e-01      4.2108e-04      1.5143e-04      4.0623e-05    2.711e-05     5.416e+03       9.79e-04    1.23e-04    29514 
   600.000     599.843         0.050      0.667      3.5963e-01      1.1413e-03      4.1043e-04      1.0968e-04    7.320e-05     2.006e+03       2.64e-03    3.33e-04    72181 
   600.000     599.843         0.060      0.667      3.5963e-01      2.3512e-03      8.4555e-04      2.2549e-04    1.505e-04     9.757e+02       5.43e-03    6.84e-04    137565 
   600.000     599.843         0.070      0.667      3.5963e-01      4.0535e-03      1.4577e-03      3.8884e-04    2.595e-04     5.658e+02       9.37e-03    1.18e-03    225035 
   600.000     599.843         0.080      0.667      3.5963e-01      6.1964e-03      2.2284e-03      5.9367e-04    3.962e-04     3.706e+02       1.43e-02    1.80e-03    330276 
   600.000     599.843         0.090      0.667      3.5963e-01      8.7797e-03      3.1574e-03      8.4036e-04    5.608e-04     2.618e+02       2.02e-02    2.55e-03    452478 
   600.000     599.843         0.100      0.667      3.5963e-01      1.1682e-02      4.2010e-03      1.1182e-03    7.462e-04     1.967e+02       2.69e-02    3.39e-03    587004 
   600.000     599.843         0.150      0.667      3.5963e-01      2.8637e-02      1.0299e-02      2.7396e-03    1.828e-03     8.030e+01       6.60e-02    8.31e-03    1353581 
   600.000     599.843         0.200      0.667      3.5963e-01      4.5740e-02      1.6449e-02      4.3733e-03    2.919e-03     5.031e+01       1.05e-01    1.33e-02    2139687 
   600.000     599.843         0.250      0.667      3.5963e-01      6.0578e-02      2.1786e-02      5.7890e-03    3.863e-03     3.800e+01       1.39e-01    1.76e-02    2858785 
   600.000     599.843         0.300      0.667      3.5963e-01      7.2251e-02      2.5984e-02      6.9070e-03    4.609e-03     3.185e+01       1.66e-01    2.09e-02    3482561 
   600.000     599.843         0.400      0.667      3.5963e-01      8.8482e-02      3.1821e-02      8.4517e-03    5.640e-03     2.603e+01       2.04e-01    2.56e-02    4487044 
   600.000     599.843         0.500      0.667      3.5963e-01      9.7527e-02      3.5073e-02      9.3079e-03    6.212e-03     2.364e+01       2.24e-01    2.82e-02    5233315 
   600.000     599.843         0.600      0.667      3.5963e-01      1.0204e-01      3.6697e-02      9.7319e-03    6.495e-03     2.261e+01       2.34e-01    2.95e-02    5790791 
   600.000     599.843         0.700      0.667      3.5963e-01      1.0369e-01      3.7290e-02      9.8858e-03    6.597e-03     2.225e+01       2.38e-01    3.00e-02    6214159 
   600.000     599.843         0.800      0.667      3.5963e-01      1.0368e-01      3.7286e-02      9.8769e-03    6.591e-03     2.227e+01       2.38e-01    3.00e-02    6546904 
   600.000     599.843         0.900      0.667      3.5963e-01      1.0268e-01      3.6925e-02      9.7761e-03    6.524e-03     2.250e+01       2.36e-01    2.97e-02    6807703 
   600.000     599.843         1.000      0.667      3.5963e-01      1.0095e-01      3.6305e-02      9.6045e-03    6.410e-03     2.291e+01       2.31e-01    2.91e-02    7020549 
   600.000     599.843         1.500      0.667      3.5963e-01      8.9274e-02      3.2105e-02      8.4688e-03    5.652e-03     2.598e+01       2.04e-01    2.57e-02    7626149 
   600.000     599.843         2.000      0.667      3.5963e-01      7.8058e-02      2.8072e-02      7.3871e-03    4.930e-03     2.978e+01       1.78e-01    2.24e-02    7898803 
   600.000     599.843         2.500      0.667      3.5963e-01      6.8689e-02      2.4702e-02      6.4902e-03    4.331e-03     3.390e+01       1.56e-01    1.97e-02    8030848 
   600.000     599.843         3.000      0.667      3.5963e-01      6.1111e-02      2.1977e-02      5.7622e-03    3.845e-03     3.818e+01       1.39e-01    1.75e-02    8108523 
   600.000     599.843         4.000      0.667      3.5963e-01      4.9975e-02      1.7972e-02      4.7026e-03    3.138e-03     4.678e+01       1.13e-01    1.43e-02    8184455 
   600.000     599.843         5.000      0.667      3.5963e-01      4.2292e-02      1.5210e-02      3.9709e-03    2.650e-03     5.540e+01       9.57e-02    1.20e-02    8215926 
   600.000     599.843         6.000      0.667      3.5963e-01      3.6570e-02      1.3152e-02      3.4292e-03    2.289e-03     6.415e+01       8.26e-02    1.04e-02    8229671 
   600.000     599.843         7.000      0.667      3.5963e-01      3.2205e-02      1.1582e-02      3.0175e-03    2.014e-03     7.291e+01       7.27e-02    9.15e-03    8234461 
   600.000     599.843         8.000      0.667      3.5963e-01      2.8775e-02      1.0348e-02      2.6925e-03    1.797e-03     8.171e+01       6.49e-02    8.17e-03    8237969 
   600.000     599.843         9.000      0.667      3.5963e-01      2.5978e-02      9.3423e-03      2.4298e-03    1.622e-03     9.054e+01       5.85e-02    7.37e-03    8238221 
   600.000     599.843         10.000      0.667      3.5963e-01      2.3661e-02      8.5091e-03      2.2098e-03    1.475e-03     9.956e+01       5.32e-02    6.70e-03    8235526 
   700.000     699.843         0.010      0.298      4.1427e-01      2.6462e-08      1.0962e-08      2.4125e-09    7.192e-10     9.119e+07       2.60e-08    3.27e-09    3 
   700.000     699.843         0.015      0.298      4.1427e-01      4.4779e-07      1.8550e-07      3.9896e-08    1.189e-08     5.514e+06       4.29e-07    5.40e-08    77 
   700.000     699.843         0.020      0.298      4.1427e-01      3.8685e-06      1.6026e-06      3.8370e-07    1.144e-07     5.734e+05       4.13e-06    5.20e-07    548 
   700.000     699.843         0.025      0.298      4.1427e-01      1.9990e-05      8.2812e-06      2.1027e-06    6.269e-07     1.046e+05       2.26e-05    2.85e-06    2416 
   700.000     699.843         0.030      0.298      4.1427e-01      6.3256e-05      2.6205e-05      6.7165e-06    2.002e-06     3.276e+04       7.23e-05    9.10e-06    6742 
   700.000     699.843         0.040      0.298      4.1427e-01      3.1123e-04      1.2893e-04      3.2395e-05    9.658e-06     6.791e+03       3.49e-04    4.39e-05    27271 
   700.000     699.843         0.050      0.298      4.1427e-01      8.9374e-04      3.7025e-04      9.3253e-05    2.780e-05     2.359e+03       1.00e-03    1.26e-04    69989 
   700.000     699.843         0.060      0.298      4.1427e-01      1.9060e-03      7.8960e-04      1.9790e-04    5.900e-05     1.112e+03       2.13e-03    2.68e-04    137321 
   700.000     699.843         0.070      0.298      4.1427e-01      3.3674e-03      1.3950e-03      3.4738e-04    1.036e-04     6.333e+02       3.74e-03    4.71e-04    228533 
   700.000     699.843         0.080      0.298      4.1427e-01      5.2789e-03      2.1869e-03      5.4462e-04    1.624e-04     4.040e+02       5.86e-03    7.38e-04    341939 
   700.000     699.843         0.090      0.298      4.1427e-01      7.5855e-03      3.1424e-03      7.7921e-04    2.323e-04     2.823e+02       8.39e-03    1.06e-03    473683 
   700.000     699.843         0.100      0.298      4.1427e-01      1.0250e-02      4.2464e-03      1.0492e-03    3.128e-04     2.097e+02       1.13e-02    1.42e-03    621894 
   700.000     699.843         0.150      0.298      4.1427e-01      2.6445e-02      1.0955e-02      2.6851e-03    8.005e-04     8.193e+01       2.89e-02    3.64e-03    1488761 
   700.000     699.843         0.200      0.298      4.1427e-01      4.3502e-02      1.8021e-02      4.3977e-03    1.311e-03     5.003e+01       4.73e-02    5.96e-03    2406049 
   700.000     699.843         0.250      0.298      4.1427e-01      5.8464e-02      2.4220e-02      5.8939e-03    1.757e-03     3.733e+01       6.34e-02    7.99e-03    3251176 
   700.000     699.843         0.300      0.298      4.1427e-01      7.0739e-02      2.9305e-02      7.1210e-03    2.123e-03     3.089e+01       7.66e-02    9.65e-03    3997320 
   700.000     699.843         0.400      0.298      4.1427e-01      8.8106e-02      3.6499e-02      8.8517e-03    2.639e-03     2.485e+01       9.53e-02    1.20e-02    5217605 
   700.000     699.843         0.500      0.298      4.1427e-01      9.8112e-02      4.0645e-02      9.8479e-03    2.936e-03     2.234e+01       1.06e-01    1.33e-02    6126316 
   700.000     699.843         0.600      0.298      4.1427e-01      1.0344e-01      4.2850e-02      1.0374e-02    3.093e-03     2.121e+01       1.12e-01    1.41e-02    6810467 
   700.000     699.843         0.700      0.298      4.1427e-01      1.0571e-01      4.3792e-02      1.0597e-02    3.159e-03     2.076e+01       1.14e-01    1.44e-02    7340326 
   700.000     699.843         0.800      0.298      4.1427e-01      1.0617e-01      4.3981e-02      1.0631e-02    3.169e-03     2.069e+01       1.14e-01    1.44e-02    7748027 
   700.000     699.843         0.900      0.298      4.1427e-01      1.0536e-01      4.3645e-02      1.0544e-02    3.144e-03     2.086e+01       1.13e-01    1.43e-02    8070524 
   700.000     699.843         1.000      0.298      4.1427e-01      1.0392e-01      4.3049e-02      1.0394e-02    3.099e-03     2.117e+01       1.12e-01    1.41e-02    8331232 
   700.000     699.843         1.500      0.298      4.1427e-01      9.2586e-02      3.8355e-02      9.2368e-03    2.754e-03     2.382e+01       9.94e-02    1.25e-02    9092077 
   700.000     699.843         2.000      0.298      4.1427e-01      8.1226e-02      3.3649e-02      8.0922e-03    2.413e-03     2.719e+01       8.71e-02    1.10e-02    9426295 
   700.000     699.843         2.500      0.298      4.1427e-01      7.1626e-02      2.9672e-02      7.1204e-03    2.123e-03     3.090e+01       7.66e-02    9.65e-03    9594632 
   700.000     699.843         3.000      0.298      4.1427e-01      6.3971e-02      2.6501e-02      6.3522e-03    1.894e-03     3.463e+01       6.84e-02    8.61e-03    9690660 
   700.000     699.843         4.000      0.298      4.1427e-01      5.2466e-02      2.1735e-02      5.1984e-03    1.550e-03     4.232e+01       5.59e-02    7.05e-03    9781509 
   700.000     699.843         5.000      0.298      4.1427e-01      4.4325e-02      1.8362e-02      4.3818e-03    1.306e-03     5.021e+01       4.72e-02    5.94e-03    9819052 
   700.000     699.843         6.000      0.298      4.1427e-01      3.8388e-02      1.5903e-02      3.7887e-03    1.130e-03     5.807e+01       4.08e-02    5.14e-03    9834131 
   700.000     699.843         7.000      0.298      4.1427e-01      3.3789e-02      1.3998e-02      3.3317e-03    9.933e-04     6.603e+01       3.59e-02    4.51e-03    9837837 
   700.000     699.843         8.000      0.298      4.1427e-01      3.0200e-02      1.2511e-02      2.9736e-03    8.865e-04     7.398e+01       3.20e-02    4.03e-03    9839931 
   700.000     699.843         9.000      0.298      4.1427e-01      2.7281e-02      1.1301e-02      2.6853e-03    8.006e-04     8.193e+01       2.89e-02    3.64e-03    9840374 
   700.000     699.843         10.000     0.298      4.1427e-01      2.4882e-02      1.0308e-02      2.4450e-03    7.289e-04     8.998e+01       2.63e-02    3.31e-03    9837891 
 
