 C_Mass(GeV)   N_Mass(GeV)    tau(ns)    Init_xs(fb)     EAxEE          TAxTE         EAxEExTAxTE      total_eff     xs100(fb)     xslim(fb)         Ntr          r       MCev 
   100.000     99.843         0.010      9191.877      6.3113e-02      8.5461e-06      5.3937e-07      2.1085e-07    1.938e-03     1.043e+06       7.00e-02    8.81e-03    275 
   100.000     99.843         0.015      9191.877      6.3113e-02      9.0529e-05      5.7136e-06      2.0401e-06    1.875e-02     1.078e+05       6.77e-01    8.52e-02    2156 
   100.000     99.843         0.020      9191.877      6.3113e-02      3.7164e-04      2.3455e-05      7.9133e-06    7.274e-02     2.780e+04       2.63e+00    3.31e-01    7568 
   100.000     99.843         0.025      9191.877      6.3113e-02      9.0318e-04      5.7002e-05      1.8911e-05    1.738e-01     1.163e+04       6.28e+00    7.90e-01    17365 
   100.000     99.843         0.030      9191.877      6.3113e-02      1.7645e-03      1.1136e-04      3.6485e-05    3.354e-01     6.030e+03       1.21e+01    1.52e+00    31910 
   100.000     99.843         0.040      9191.877      6.3113e-02      4.3433e-03      2.7412e-04      8.8388e-05    8.125e-01     2.489e+03       2.93e+01    3.69e+00    74047 
   100.000     99.843         0.050      9191.877      6.3113e-02      7.8569e-03      4.9588e-04      1.5808e-04    1.453e+00     1.392e+03       5.25e+01    6.60e+00    129643 
   100.000     99.843         0.060      9191.877      6.3113e-02      1.2186e-02      7.6908e-04      2.4333e-04    2.237e+00     9.041e+02       8.07e+01    1.02e+01    196447 
   100.000     99.843         0.070      9191.877      6.3113e-02      1.6818e-02      1.0615e-03      3.3380e-04    3.068e+00     6.591e+02       1.11e+02    1.39e+01    267412 
   100.000     99.843         0.080      9191.877      6.3113e-02      2.1719e-02      1.3708e-03      4.2904e-04    3.944e+00     5.128e+02       1.42e+02    1.79e+01    341800 
   100.000     99.843         0.090      9191.877      6.3113e-02      2.6708e-02      1.6856e-03      5.2478e-04    4.824e+00     4.192e+02       1.74e+02    2.19e+01    418682 
   100.000     99.843         0.100      9191.877      6.3113e-02      3.1386e-02      1.9809e-03      6.1397e-04    5.644e+00     3.583e+02       2.04e+02    2.57e+01    492338 
   100.000     99.843         0.150      9191.877      6.3113e-02      5.2150e-02      3.2913e-03      9.9833e-04    9.176e+00     2.204e+02       3.31e+02    4.17e+01    830497 
   100.000     99.843         0.200      9191.877      6.3113e-02      6.6782e-02      4.2149e-03      1.2507e-03    1.150e+01     1.759e+02       4.15e+02    5.23e+01    1096320 
   100.000     99.843         0.250      9191.877      6.3113e-02      7.6385e-02      4.8209e-03      1.4021e-03    1.289e+01     1.569e+02       4.65e+02    5.86e+01    1298555 
   100.000     99.843         0.300      9191.877      6.3113e-02      8.2389e-02      5.1998e-03      1.4852e-03    1.365e+01     1.481e+02       4.93e+02    6.20e+01    1453142 
   100.000     99.843         0.400      9191.877      6.3113e-02      8.7935e-02      5.5498e-03      1.5359e-03    1.412e+01     1.432e+02       5.10e+02    6.42e+01    1668328 
   100.000     99.843         0.500      9191.877      6.3113e-02      8.8792e-02      5.6039e-03      1.5130e-03    1.391e+01     1.454e+02       5.02e+02    6.32e+01    1805636 
   100.000     99.843         0.600      9191.877      6.3113e-02      8.7401e-02      5.5162e-03      1.4589e-03    1.341e+01     1.508e+02       4.84e+02    6.10e+01    1894672 
   100.000     99.843         0.700      9191.877      6.3113e-02      8.4860e-02      5.3558e-03      1.3942e-03    1.282e+01     1.578e+02       4.63e+02    5.83e+01    1958106 
   100.000     99.843         0.800      9191.877      6.3113e-02      8.1906e-02      5.1693e-03      1.3273e-03    1.220e+01     1.658e+02       4.40e+02    5.55e+01    2005842 
   100.000     99.843         0.900      9191.877      6.3113e-02      7.9004e-02      4.9862e-03      1.2663e-03    1.164e+01     1.737e+02       4.20e+02    5.29e+01    2040792 
   100.000     99.843         1.000      9191.877      6.3113e-02      7.5725e-02      4.7792e-03      1.2006e-03    1.104e+01     1.832e+02       3.98e+02    5.02e+01    2066153 
   100.000     99.843         1.500      9191.877      6.3113e-02      6.2516e-02      3.9456e-03      9.5947e-04    8.819e+00     2.293e+02       3.18e+02    4.01e+01    2135282 
   100.000     99.843         2.000      9191.877      6.3113e-02      5.2747e-02      3.3290e-03      7.9285e-04    7.288e+00     2.775e+02       2.63e+02    3.31e+01    2161387 
   100.000     99.843         2.500      9191.877      6.3113e-02      4.5465e-02      2.8694e-03      6.7627e-04    6.216e+00     3.253e+02       2.24e+02    2.83e+01    2172846 
   100.000     99.843         3.000      9191.877      6.3113e-02      3.9997e-02      2.5243e-03      5.8875e-04    5.412e+00     3.737e+02       1.95e+02    2.46e+01    2179683 
   100.000     99.843         4.000      9191.877      6.3113e-02      3.1990e-02      2.0190e-03      4.6579e-04    4.281e+00     4.723e+02       1.55e+02    1.95e+01    2182797 
   100.000     99.843         5.000      9191.877      6.3113e-02      2.6680e-02      1.6839e-03      3.8516e-04    3.540e+00     5.712e+02       1.28e+02    1.61e+01    2182776 
   100.000     99.843         6.000      9191.877      6.3113e-02      2.2990e-02      1.4510e-03      3.3023e-04    3.035e+00     6.662e+02       1.10e+02    1.38e+01    2183567 
   100.000     99.843         7.000      9191.877      6.3113e-02      2.0066e-02      1.2665e-03      2.8761e-04    2.644e+00     7.649e+02       9.54e+01    1.20e+01    2182929 
   100.000     99.843         8.000      9191.877      6.3113e-02      1.7863e-02      1.1274e-03      2.5535e-04    2.347e+00     8.616e+02       8.47e+01    1.07e+01    2182458 
   100.000     99.843         9.000      9191.877      6.3113e-02      1.6071e-02      1.0143e-03      2.2870e-04    2.102e+00     9.620e+02       7.59e+01    9.55e+00    2181377 
   100.000     99.843         10.000      9191.877      6.3113e-02      1.4610e-02      9.2209e-04      2.0766e-04    1.909e+00     1.059e+03       6.89e+01    8.68e+00    2180770 
   200.000     199.843         0.010      710.687      1.5884e-01      1.3344e-06      2.1196e-07      5.2247e-08    3.713e-05     4.211e+06       1.34e-03    1.69e-04    162 
   200.000     199.843         0.015      710.687      1.5884e-01      1.7460e-05      2.7733e-06      7.4130e-07    5.268e-04     2.968e+05       1.90e-02    2.39e-03    1447 
   200.000     199.843         0.020      710.687      1.5884e-01      7.8946e-05      1.2540e-05      3.3870e-06    2.407e-03     6.495e+04       8.69e-02    1.09e-02    5669 
   200.000     199.843         0.025      710.687      1.5884e-01      2.2185e-04      3.5239e-05      9.6156e-06    6.834e-03     2.288e+04       2.47e-01    3.11e-02    14387 
   200.000     199.843         0.030      710.687      1.5884e-01      4.6904e-04      7.4504e-05      2.0415e-05    1.451e-02     1.078e+04       5.24e-01    6.60e-02    29150 
   200.000     199.843         0.040      710.687      1.5884e-01      1.3864e-03      2.2022e-04      6.0305e-05    4.286e-02     3.648e+03       1.55e+00    1.95e-01    78339 
   200.000     199.843         0.050      710.687      1.5884e-01      2.8747e-03      4.5663e-04      1.2477e-04    8.867e-02     1.763e+03       3.20e+00    4.03e-01    153327 
   200.000     199.843         0.060      710.687      1.5884e-01      4.9584e-03      7.8760e-04      2.1504e-04    1.528e-01     1.023e+03       5.52e+00    6.95e-01    253750 
   200.000     199.843         0.070      710.687      1.5884e-01      7.4794e-03      1.1881e-03      3.2411e-04    2.303e-01     6.788e+02       8.32e+00    1.05e+00    372356 
   200.000     199.843         0.080      710.687      1.5884e-01      1.0332e-02      1.6411e-03      4.4703e-04    3.177e-01     4.921e+02       1.15e+01    1.44e+00    505233 
   200.000     199.843         0.090      710.687      1.5884e-01      1.3502e-02      2.1446e-03      5.8348e-04    4.147e-01     3.770e+02       1.50e+01    1.89e+00    651812 
   200.000     199.843         0.100      710.687      1.5884e-01      1.6800e-02      2.6685e-03      7.2589e-04    5.159e-01     3.031e+02       1.86e+01    2.35e+00    803251 
   200.000     199.843         0.150      710.687      1.5884e-01      3.3774e-02      5.3647e-03      1.4545e-03    1.034e+00     1.513e+02       3.73e+01    4.70e+00    1597568 
   200.000     199.843         0.200      710.687      1.5884e-01      4.8830e-02      7.7563e-03      2.0956e-03    1.489e+00     1.050e+02       5.38e+01    6.77e+00    2344526 
   200.000     199.843         0.250      710.687      1.5884e-01      6.0783e-02      9.6550e-03      2.5982e-03    1.846e+00     8.467e+01       6.67e+01    8.39e+00    2991651 
   200.000     199.843         0.300      710.687      1.5884e-01      6.9937e-02      1.1109e-02      2.9766e-03    2.115e+00     7.391e+01       7.64e+01    9.61e+00    3539074 
   200.000     199.843         0.400      710.687      1.5884e-01      8.1645e-02      1.2969e-02      3.4437e-03    2.447e+00     6.388e+01       8.83e+01    1.11e+01    4384808 
   200.000     199.843         0.500      710.687      1.5884e-01      8.7556e-02      1.3908e-02      3.6600e-03    2.601e+00     6.011e+01       9.39e+01    1.18e+01    4990524 
   200.000     199.843         0.600      710.687      1.5884e-01      9.0218e-02      1.4331e-02      3.7396e-03    2.658e+00     5.883e+01       9.59e+01    1.21e+01    5437003 
   200.000     199.843         0.700      710.687      1.5884e-01      9.0703e-02      1.4408e-02      3.7297e-03    2.651e+00     5.899e+01       9.57e+01    1.20e+01    5767787 
   200.000     199.843         0.800      710.687      1.5884e-01      9.0110e-02      1.4313e-02      3.6795e-03    2.615e+00     5.979e+01       9.44e+01    1.19e+01    6023285 
   200.000     199.843         0.900      710.687      1.5884e-01      8.8728e-02      1.4094e-02      3.5990e-03    2.558e+00     6.113e+01       9.23e+01    1.16e+01    6222936 
   200.000     199.843         1.000      710.687      1.5884e-01      8.6846e-02      1.3795e-02      3.5019e-03    2.489e+00     6.282e+01       8.98e+01    1.13e+01    6377483 
   200.000     199.843         1.500      710.687      1.5884e-01      7.6147e-02      1.2095e-02      3.0015e-03    2.133e+00     7.330e+01       7.70e+01    9.70e+00    6832352 
   200.000     199.843         2.000      710.687      1.5884e-01      6.6385e-02      1.0545e-02      2.5777e-03    1.832e+00     8.535e+01       6.61e+01    8.33e+00    7024681 
   200.000     199.843         2.500      710.687      1.5884e-01      5.8573e-02      9.3039e-03      2.2500e-03    1.599e+00     9.778e+01       5.77e+01    7.27e+00    7123828 
   200.000     199.843         3.000      710.687      1.5884e-01      5.2183e-02      8.2888e-03      1.9892e-03    1.414e+00     1.106e+02       5.10e+01    6.43e+00    7179503 
   200.000     199.843         4.000      710.687      1.5884e-01      4.2782e-02      6.7957e-03      1.6116e-03    1.145e+00     1.365e+02       4.13e+01    5.20e+00    7232734 
   200.000     199.843         5.000      710.687      1.5884e-01      3.6155e-02      5.7430e-03      1.3521e-03    9.609e-01     1.627e+02       3.47e+01    4.37e+00    7253657 
   200.000     199.843         6.000      710.687      1.5884e-01      3.1338e-02      4.9778e-03      1.1663e-03    8.289e-01     1.886e+02       2.99e+01    3.77e+00    7263420 
   200.000     199.843         7.000      710.687      1.5884e-01      2.7644e-02      4.3910e-03      1.0249e-03    7.284e-01     2.147e+02       2.63e+01    3.31e+00    7268101 
   200.000     199.843         8.000      710.687      1.5884e-01      2.4714e-02      3.9257e-03      9.1398e-04    6.496e-01     2.407e+02       2.34e+01    2.95e+00    7270061 
   200.000     199.843         9.000      710.687      1.5884e-01      2.2365e-02      3.5525e-03      8.2493e-04    5.863e-01     2.667e+02       2.12e+01    2.67e+00    7270686 
   200.000     199.843         10.000      710.687      1.5884e-01      2.0418e-02      3.2433e-03      7.5179e-04    5.343e-01     2.926e+02       1.93e+01    2.43e+00    7270610 
   300.000     299.843         0.010      145.796      1.4851e-01      1.0156e-07      1.5082e-08      6.9387e-09    1.012e-06     3.171e+07       3.65e-05    4.60e-06    22 
   300.000     299.843         0.015      145.796      1.4851e-01      4.0399e-06      5.9995e-07      2.6042e-07    3.797e-05     8.448e+05       1.37e-03    1.73e-04    327 
   300.000     299.843         0.020      145.796      1.4851e-01      2.2336e-05      3.3170e-06      1.4072e-06    2.052e-04     1.563e+05       7.41e-03    9.33e-04    1566 
   300.000     299.843         0.025      145.796      1.4851e-01      7.3726e-05      1.0949e-05      4.6040e-06    6.712e-04     4.778e+04       2.42e-02    3.05e-03    4569 
   300.000     299.843         0.030      145.796      1.4851e-01      1.9072e-04      2.8324e-05      1.1816e-05    1.723e-03     1.862e+04       6.22e-02    7.83e-03    10769 
   300.000     299.843         0.040      145.796      1.4851e-01      6.5636e-04      9.7474e-05      4.0211e-05    5.863e-03     5.471e+03       2.12e-01    2.67e-02    33433 
   300.000     299.843         0.050      145.796      1.4851e-01      1.5377e-03      2.2835e-04      9.3568e-05    1.364e-02     2.351e+03       4.92e-01    6.20e-02    72556 
   300.000     299.843         0.060      145.796      1.4851e-01      2.8434e-03      4.2226e-04      1.7188e-04    2.506e-02     1.280e+03       9.05e-01    1.14e-01    128410 
   300.000     299.843         0.070      145.796      1.4851e-01      4.5939e-03      6.8222e-04      2.7650e-04    4.031e-02     7.957e+02       1.46e+00    1.83e-01    199759 
   300.000     299.843         0.080      145.796      1.4851e-01      6.7026e-03      9.9538e-04      4.0251e-04    5.868e-02     5.466e+02       2.12e+00    2.67e-01    283489 
   300.000     299.843         0.090      145.796      1.4851e-01      9.0609e-03      1.3456e-03      5.4190e-04    7.901e-02     4.060e+02       2.85e+00    3.59e-01    375661 
   300.000     299.843         0.100      145.796      1.4851e-01      1.1725e-02      1.7413e-03      7.0038e-04    1.021e-01     3.141e+02       3.69e+00    4.64e-01    478775 
   300.000     299.843         0.150      145.796      1.4851e-01      2.6536e-02      3.9408e-03      1.5745e-03    2.296e-01     1.397e+02       8.29e+00    1.04e+00    1050331 
   300.000     299.843         0.200      145.796      1.4851e-01      4.1154e-02      6.1116e-03      2.4315e-03    3.545e-01     9.048e+01       1.28e+01    1.61e+00    1632267 
   300.000     299.843         0.250      145.796      1.4851e-01      5.3573e-02      7.9560e-03      3.1583e-03    4.605e-01     6.966e+01       1.66e+01    2.09e+00    2161778 
   300.000     299.843         0.300      145.796      1.4851e-01      6.3765e-02      9.4696e-03      3.7512e-03    5.469e-01     5.865e+01       1.97e+01    2.49e+00    2629996 
   300.000     299.843         0.400      145.796      1.4851e-01      7.7964e-02      1.1578e-02      4.5697e-03    6.662e-01     4.814e+01       2.41e+01    3.03e+00    3387148 
   300.000     299.843         0.500      145.796      1.4851e-01      8.6346e-02      1.2823e-02      5.0433e-03    7.353e-01     4.362e+01       2.65e+01    3.34e+00    3958617 
   300.000     299.843         0.600      145.796      1.4851e-01      9.0905e-02      1.3500e-02      5.2910e-03    7.714e-01     4.158e+01       2.78e+01    3.51e+00    4391313 
   300.000     299.843         0.700      145.796      1.4851e-01      9.3061e-02      1.3820e-02      5.3963e-03    7.868e-01     4.077e+01       2.84e+01    3.58e+00    4723021 
   300.000     299.843         0.800      145.796      1.4851e-01      9.3537e-02      1.3891e-02      5.4054e-03    7.881e-01     4.070e+01       2.84e+01    3.58e+00    4983388 
   300.000     299.843         0.900      145.796      1.4851e-01      9.3196e-02      1.3840e-02      5.3684e-03    7.827e-01     4.098e+01       2.83e+01    3.56e+00    5191375 
   300.000     299.843         1.000      145.796      1.4851e-01      9.2091e-02      1.3676e-02      5.2859e-03    7.707e-01     4.162e+01       2.78e+01    3.50e+00    5359048 
   300.000     299.843         1.500      145.796      1.4851e-01      8.3278e-02      1.2367e-02      4.7139e-03    6.873e-01     4.667e+01       2.48e+01    3.12e+00    5850356 
   300.000     299.843         2.000      145.796      1.4851e-01      7.3720e-02      1.0948e-02      4.1286e-03    6.019e-01     5.329e+01       2.17e+01    2.74e+00    6069004 
   300.000     299.843         2.500      145.796      1.4851e-01      6.5789e-02      9.7702e-03      3.6523e-03    5.325e-01     6.024e+01       1.92e+01    2.42e+00    6183312 
   300.000     299.843         3.000      145.796      1.4851e-01      5.9162e-02      8.7860e-03      3.2623e-03    4.756e-01     6.744e+01       1.72e+01    2.16e+00    6247327 
   300.000     299.843         4.000      145.796      1.4851e-01      4.8988e-02      7.2750e-03      2.6749e-03    3.900e-01     8.225e+01       1.41e+01    1.77e+00    6312436 
   300.000     299.843         5.000      145.796      1.4851e-01      4.1761e-02      6.2018e-03      2.2641e-03    3.301e-01     9.717e+01       1.19e+01    1.50e+00    6338730 
   300.000     299.843         6.000      145.796      1.4851e-01      3.6349e-02      5.3981e-03      1.9598e-03    2.857e-01     1.123e+02       1.03e+01    1.30e+00    6351107 
   300.000     299.843         7.000      145.796      1.4851e-01      3.2214e-02      4.7840e-03      1.7309e-03    2.524e-01     1.271e+02       9.11e+00    1.15e+00    6356284 
   300.000     299.843         8.000      145.796      1.4851e-01      2.8893e-02      4.2908e-03      1.5470e-03    2.255e-01     1.422e+02       8.14e+00    1.02e+00    6359313 
   300.000     299.843         9.000      145.796      1.4851e-01      2.6226e-02      3.8947e-03      1.4000e-03    2.041e-01     1.571e+02       7.37e+00    9.28e-01    6360900 
   300.000     299.843         10.000      145.796      1.4851e-01      2.3992e-02      3.5630e-03      1.2781e-03    1.863e-01     1.721e+02       6.73e+00    8.47e-01    6359457 
   400.000     399.843         0.010      43.692      2.1997e-01      8.5087e-08      1.8717e-08      7.1372e-09    3.118e-07     3.082e+07       1.13e-05    1.42e-06    15 
   400.000     399.843         0.015      43.692      2.1997e-01      1.0820e-06      2.3802e-07      8.8505e-08    3.867e-06     2.486e+06       1.40e-04    1.76e-05    162 
   400.000     399.843         0.020      43.692      2.1997e-01      7.7035e-06      1.6945e-06      6.1187e-07    2.673e-05     3.596e+05       9.65e-04    1.21e-04    1032 
   400.000     399.843         0.025      43.692      2.1997e-01      3.0016e-05      6.6027e-06      2.3848e-06    1.042e-04     9.225e+04       3.76e-03    4.74e-04    3481 
   400.000     399.843         0.030      43.692      2.1997e-01      7.9874e-05      1.7570e-05      6.2217e-06    2.718e-04     3.536e+04       9.81e-03    1.24e-03    8573 
   400.000     399.843         0.040      43.692      2.1997e-01      3.3159e-04      7.2939e-05      2.5545e-05    1.116e-03     8.612e+03       4.03e-02    5.07e-03    30839 
   400.000     399.843         0.050      43.692      2.1997e-01      8.5219e-04      1.8746e-04      6.5028e-05    2.841e-03     3.383e+03       1.03e-01    1.29e-02    72660 
   400.000     399.843         0.060      43.692      2.1997e-01      1.7111e-03      3.7638e-04      1.2956e-04    5.661e-03     1.698e+03       2.04e-01    2.57e-02    137255 
   400.000     399.843         0.070      43.692      2.1997e-01      2.9088e-03      6.3985e-04      2.1954e-04    9.592e-03     1.002e+03       3.46e-01    4.36e-02    222603 
   400.000     399.843         0.080      43.692      2.1997e-01      4.4576e-03      9.8054e-04      3.3543e-04    1.466e-02     6.559e+02       5.29e-01    6.66e-02    328078 
   400.000     399.843         0.090      43.692      2.1997e-01      6.2680e-03      1.3788e-03      4.7010e-04    2.054e-02     4.680e+02       7.41e-01    9.34e-02    448890 
   400.000     399.843         0.100      43.692      2.1997e-01      8.3567e-03      1.8382e-03      6.2566e-04    2.734e-02     3.516e+02       9.87e-01    1.24e-01    584922 
   400.000     399.843         0.150      43.692      2.1997e-01      2.0887e-02      4.5946e-03      1.5549e-03    6.794e-02     1.415e+02       2.45e+00    3.09e-01    1388552 
   400.000     399.843         0.200      43.692      2.1997e-01      3.4286e-02      7.5420e-03      2.5448e-03    1.112e-01     8.645e+01       4.01e+00    5.05e-01    2256424 
   400.000     399.843         0.250      43.692      2.1997e-01      4.6472e-02      1.0223e-02      3.4425e-03    1.504e-01     6.391e+01       5.43e+00    6.84e-01    3082320 
   400.000     399.843         0.300      43.692      2.1997e-01      5.6889e-02      1.2514e-02      4.2091e-03    1.839e-01     5.227e+01       6.64e+00    8.36e-01    3837033 
   400.000     399.843         0.400      43.692      2.1997e-01      7.2364e-02      1.5918e-02      5.3439e-03    2.335e-01     4.117e+01       8.43e+00    1.06e+00    5099448 
   400.000     399.843         0.500      43.692      2.1997e-01      8.2356e-02      1.8116e-02      6.0706e-03    2.652e-01     3.624e+01       9.57e+00    1.21e+00    6086578 
   400.000     399.843         0.600      43.692      2.1997e-01      8.8458e-02      1.9458e-02      6.5085e-03    2.844e-01     3.380e+01       1.03e+01    1.29e+00    6853378 
   400.000     399.843         0.700      43.692      2.1997e-01      9.1936e-02      2.0223e-02      6.7533e-03    2.951e-01     3.258e+01       1.07e+01    1.34e+00    7461132 
   400.000     399.843         0.800      43.692      2.1997e-01      9.3601e-02      2.0590e-02      6.8626e-03    2.998e-01     3.206e+01       1.08e+01    1.36e+00    7942178 
   400.000     399.843         0.900      43.692      2.1997e-01      9.4140e-02      2.0708e-02      6.8888e-03    3.010e-01     3.194e+01       1.09e+01    1.37e+00    8333213 
   400.000     399.843         1.000      43.692      2.1997e-01      9.3895e-02      2.0654e-02      6.8585e-03    2.997e-01     3.208e+01       1.08e+01    1.36e+00    8653481 
   400.000     399.843         1.500      43.692      2.1997e-01      8.7389e-02      1.9223e-02      6.3243e-03    2.763e-01     3.479e+01       9.98e+00    1.26e+00    9620254 
   400.000     399.843         2.000      43.692      2.1997e-01      7.8830e-02      1.7340e-02      5.6599e-03    2.473e-01     3.887e+01       8.93e+00    1.12e+00    10065712 
   400.000     399.843         2.500      43.692      2.1997e-01      7.1006e-02      1.5619e-02      5.0654e-03    2.213e-01     4.343e+01       7.99e+00    1.01e+00    10301544 
   400.000     399.843         3.000      43.692      2.1997e-01      6.4366e-02      1.4159e-02      4.5658e-03    1.995e-01     4.818e+01       7.20e+00    9.07e-01    10441969 
   400.000     399.843         4.000      43.692      2.1997e-01      5.3871e-02      1.1850e-02      3.7874e-03    1.655e-01     5.809e+01       5.97e+00    7.52e-01    10575252 
   400.000     399.843         5.000      43.692      2.1997e-01      4.6210e-02      1.0165e-02      3.2301e-03    1.411e-01     6.811e+01       5.09e+00    6.41e-01    10633740 
   400.000     399.843         6.000      43.692      2.1997e-01      4.0424e-02      8.8921e-03      2.8118e-03    1.229e-01     7.824e+01       4.43e+00    5.59e-01    10659027 
   400.000     399.843         7.000      43.692      2.1997e-01      3.5937e-02      7.9052e-03      2.4904e-03    1.088e-01     8.834e+01       3.93e+00    4.95e-01    10670283 
   400.000     399.843         8.000      43.692      2.1997e-01      3.2342e-02      7.1142e-03      2.2338e-03    9.760e-02     9.849e+01       3.52e+00    4.44e-01    10673000 
   400.000     399.843         9.000      43.692      2.1997e-01      2.9375e-02      6.4616e-03      2.0241e-03    8.844e-02     1.087e+02       3.19e+00    4.02e-01    10674292 
   400.000     399.843         10.000      43.692      2.1997e-01      2.6891e-02      5.9152e-03      1.8493e-03    8.080e-02     1.190e+02       2.92e+00    3.67e-01    10670997 
   500.000     499.843         0.010      16.022      2.8508e-01      2.3446e-08      6.6838e-09      1.9018e-09    3.047e-08     1.157e+08       1.10e-06    1.39e-07    4 
   500.000     499.843         0.015      16.022      2.8508e-01      5.5176e-07      1.5729e-07      4.7806e-08    7.660e-07     4.602e+06       2.77e-05    3.48e-06    130 
   500.000     499.843         0.020      16.022      2.8508e-01      3.9576e-06      1.1282e-06      3.3620e-07    5.387e-06     6.544e+05       1.94e-04    2.45e-05    851 
   500.000     499.843         0.025      16.022      2.8508e-01      1.8939e-05      5.3991e-06      1.6239e-06    2.602e-05     1.355e+05       9.39e-04    1.18e-04    3286 
   500.000     499.843         0.030      16.022      2.8508e-01      5.1212e-05      1.4599e-05      4.4127e-06    7.070e-05     4.986e+04       2.55e-03    3.21e-04    8317 
   500.000     499.843         0.040      16.022      2.8508e-01      2.2710e-04      6.4742e-05      1.9600e-05    3.140e-04     1.122e+04       1.13e-02    1.43e-03    31135 
   500.000     499.843         0.050      16.022      2.8508e-01      6.2178e-04      1.7726e-04      5.3411e-05    8.558e-04     4.119e+03       3.09e-02    3.89e-03    76647 
   500.000     499.843         0.060      16.022      2.8508e-01      1.2849e-03      3.6630e-04      1.1014e-04    1.765e-03     1.997e+03       6.37e-02    8.02e-03    148093 
   500.000     499.843         0.070      16.022      2.8508e-01      2.2376e-03      6.3789e-04      1.9107e-04    3.061e-03     1.151e+03       1.11e-01    1.39e-02    245206 
   500.000     499.843         0.080      16.022      2.8508e-01      3.4677e-03      9.8855e-04      2.9529e-04    4.731e-03     7.450e+02       1.71e-01    2.15e-02    366245 
   500.000     499.843         0.090      16.022      2.8508e-01      5.0082e-03      1.4277e-03      4.2603e-04    6.826e-03     5.164e+02       2.46e-01    3.10e-02    511303 
   500.000     499.843         0.100      16.022      2.8508e-01      6.7717e-03      1.9305e-03      5.7463e-04    9.207e-03     3.829e+02       3.32e-01    4.18e-02    673851 
   500.000     499.843         0.150      16.022      2.8508e-01      1.7948e-02      5.1166e-03      1.5145e-03    2.427e-02     1.453e+02       8.76e-01    1.10e-01    1674937 
   500.000     499.843         0.200      16.022      2.8508e-01      3.0480e-02      8.6891e-03      2.5641e-03    4.108e-02     8.580e+01       1.48e+00    1.87e-01    2793390 
   500.000     499.843         0.250      16.022      2.8508e-01      4.2396e-02      1.2086e-02      3.5595e-03    5.703e-02     6.181e+01       2.06e+00    2.59e-01    3892400 
   500.000     499.843         0.300      16.022      2.8508e-01      5.2885e-02      1.5076e-02      4.4331e-03    7.103e-02     4.963e+01       2.56e+00    3.23e-01    4914473 
   500.000     499.843         0.400      16.022      2.8508e-01      6.9151e-02      1.9713e-02      5.7843e-03    9.268e-02     3.803e+01       3.35e+00    4.21e-01    6663948 
   500.000     499.843         0.500      16.022      2.8508e-01      8.0133e-02      2.2844e-02      6.6942e-03    1.073e-01     3.286e+01       3.87e+00    4.88e-01    8058238 
   500.000     499.843         0.600      16.022      2.8508e-01      8.7224e-02      2.4866e-02      7.2769e-03    1.166e-01     3.023e+01       4.21e+00    5.30e-01    9167971 
   500.000     499.843         0.700      16.022      2.8508e-01      9.1560e-02      2.6102e-02      7.6306e-03    1.223e-01     2.883e+01       4.41e+00    5.56e-01    10048698 
   500.000     499.843         0.800      16.022      2.8508e-01      9.4042e-02      2.6809e-02      7.8291e-03    1.254e-01     2.810e+01       4.53e+00    5.70e-01    10764598 
   500.000     499.843         0.900      16.022      2.8508e-01      9.5159e-02      2.7128e-02      7.9136e-03    1.268e-01     2.780e+01       4.58e+00    5.76e-01    11348249 
   500.000     499.843         1.000      16.022      2.8508e-01      9.5428e-02      2.7204e-02      7.9278e-03    1.270e-01     2.775e+01       4.59e+00    5.77e-01    11832282 
   500.000     499.843         1.500      16.022      2.8508e-01      9.0272e-02      2.5734e-02      7.4608e-03    1.195e-01     2.949e+01       4.32e+00    5.43e-01    13319530 
   500.000     499.843         2.000      16.022      2.8508e-01      8.2198e-02      2.3433e-02      6.7599e-03    1.083e-01     3.254e+01       3.91e+00    4.92e-01    14041290 
   500.000     499.843         2.500      16.022      2.8508e-01      7.4572e-02      2.1259e-02      6.1073e-03    9.785e-02     3.602e+01       3.53e+00    4.45e-01    14428495 
   500.000     499.843         3.000      16.022      2.8508e-01      6.7825e-02      1.9335e-02      5.5344e-03    8.868e-02     3.975e+01       3.20e+00    4.03e-01    14659507 
   500.000     499.843         4.000      16.022      2.8508e-01      5.7059e-02      1.6266e-02      4.6284e-03    7.416e-02     4.753e+01       2.68e+00    3.37e-01    14898039 
   500.000     499.843         5.000      16.022      2.8508e-01      4.9127e-02      1.4005e-02      3.9667e-03    6.356e-02     5.546e+01       2.29e+00    2.89e-01    15007380 
   500.000     499.843         6.000      16.022      2.8508e-01      4.3103e-02      1.2288e-02      3.4666e-03    5.554e-02     6.346e+01       2.01e+00    2.52e-01    15063128 
   500.000     499.843         7.000      16.022      2.8508e-01      3.8330e-02      1.0927e-02      3.0733e-03    4.924e-02     7.158e+01       1.78e+00    2.24e-01    15091969 
   500.000     499.843         8.000      16.022      2.8508e-01      3.4485e-02      9.8309e-03      2.7596e-03    4.421e-02     7.972e+01       1.60e+00    2.01e-01    15103912 
   500.000     499.843         9.000      16.022      2.8508e-01      3.1413e-02      8.9551e-03      2.5080e-03    4.018e-02     8.772e+01       1.45e+00    1.83e-01    15112107 
   500.000     499.843         10.000      16.022      2.8508e-01      2.8784e-02      8.2057e-03      2.2945e-03    3.676e-02     9.588e+01       1.33e+00    1.67e-01    15114322 
 
