 C_Mass(GeV)   N_Mass(GeV)     tau(ns)    Init_xs(fb)      EAxEE          TAxTE         EAxEExTAxTE      total_eff     xs100(fb)     xslim(fb)         Ntr          r       MCev 
   90.678      90.505          0.010      50239.017      3.2016e-02      2.3373e-05      7.4831e-07      4.0245e-07    2.022e-02     5.467e+05       7.30e-01    9.19e-02    470 
   90.678      90.505          0.015      50239.017      3.2016e-02      1.6110e-04      5.1577e-06      2.8902e-06    1.452e-01     7.612e+04       5.24e+00    6.60e-01    2977 
   90.678      90.505          0.020      50239.017      3.2016e-02      5.1495e-04      1.6487e-05      9.4005e-06    4.723e-01     2.340e+04       1.70e+01    2.15e+00    8864 
   90.678      90.505          0.025      50239.017      3.2016e-02      1.1521e-03      3.6887e-05      2.0966e-05    1.053e+00     1.049e+04       3.80e+01    4.79e+00    18667 
   90.678      90.505          0.030      50239.017      3.2016e-02      2.0784e-03      6.6543e-05      3.7830e-05    1.901e+00     5.815e+03       6.86e+01    8.64e+00    32698 
   90.678      90.505          0.040      50239.017      3.2016e-02      4.9007e-03      1.5690e-04      8.8930e-05    4.468e+00     2.474e+03       1.61e+02    2.03e+01    72890 
   90.678      90.505          0.050      50239.017      3.2016e-02      8.6748e-03      2.7773e-04      1.5674e-04    7.874e+00     1.404e+03       2.84e+02    3.58e+01    125181 
   90.678      90.505          0.060      50239.017      3.2016e-02      1.3019e-02      4.1682e-04      2.3457e-04    1.178e+01     9.379e+02       4.25e+02    5.35e+01    184612 
   90.678      90.505          0.070      50239.017      3.2016e-02      1.7821e-02      5.7054e-04      3.1989e-04    1.607e+01     6.877e+02       5.80e+02    7.30e+01    249589 
   90.678      90.505          0.080      50239.017      3.2016e-02      2.2827e-02      7.3083e-04      4.0770e-04    2.048e+01     5.396e+02       7.39e+02    9.31e+01    315703 
   90.678      90.505          0.090      50239.017      3.2016e-02      2.7762e-02      8.8883e-04      4.9355e-04    2.480e+01     4.458e+02       8.95e+02    1.13e+02    382760 
   90.678      90.505          0.100      50239.017      3.2016e-02      3.2681e-02      1.0463e-03      5.7766e-04    2.902e+01     3.808e+02       1.05e+03    1.32e+02    448481 
   90.678      90.505          0.150      50239.017      3.2016e-02      5.3511e-02      1.7132e-03      9.1851e-04    4.615e+01     2.395e+02       1.67e+03    2.10e+02    738452 
   90.678      90.505          0.200      50239.017      3.2016e-02      6.8083e-02      2.1797e-03      1.1332e-03    5.693e+01     1.941e+02       2.06e+03    2.59e+02    959153 
   90.678      90.505          0.250      50239.017      3.2016e-02      7.7671e-02      2.4867e-03      1.2575e-03    6.318e+01     1.750e+02       2.28e+03    2.87e+02    1124771 
   90.678      90.505          0.300      50239.017      3.2016e-02      8.3405e-02      2.6703e-03      1.3184e-03    6.623e+01     1.669e+02       2.39e+03    3.01e+02    1248431 
   90.678      90.505          0.400      50239.017      3.2016e-02      8.8860e-02      2.8449e-03      1.3489e-03    6.777e+01     1.631e+02       2.45e+03    3.08e+02    1416168 
   90.678      90.505          0.500      50239.017      3.2016e-02      8.9449e-02      2.8638e-03      1.3157e-03    6.610e+01     1.672e+02       2.39e+03    3.00e+02    1520835 
   90.678      90.505          0.600      50239.017      3.2016e-02      8.7819e-02      2.8116e-03      1.2590e-03    6.325e+01     1.747e+02       2.28e+03    2.88e+02    1588166 
   90.678      90.505          0.700      50239.017      3.2016e-02      8.5123e-02      2.7253e-03      1.1964e-03    6.011e+01     1.839e+02       2.17e+03    2.73e+02    1636514 
   90.678      90.505          0.800      50239.017      3.2016e-02      8.2077e-02      2.6277e-03      1.1351e-03    5.703e+01     1.938e+02       2.06e+03    2.59e+02    1669380 
   90.678      90.505          0.900      50239.017      3.2016e-02      7.9019e-02      2.5298e-03      1.0778e-03    5.415e+01     2.041e+02       1.95e+03    2.46e+02    1693281 
   90.678      90.505          1.000      50239.017      3.2016e-02      7.5810e-02      2.4271e-03      1.0216e-03    5.132e+01     2.153e+02       1.85e+03    2.33e+02    1712159 
   90.678      90.505          1.500      50239.017      3.2016e-02      6.2390e-02      1.9975e-03      8.0815e-04    4.060e+01     2.722e+02       1.47e+03    1.85e+02    1756927 
   90.678      90.505          2.000      50239.017      3.2016e-02      5.2355e-02      1.6762e-03      6.6358e-04    3.334e+01     3.315e+02       1.20e+03    1.52e+02    1771310 
   90.678      90.505          2.500      50239.017      3.2016e-02      4.5124e-02      1.4447e-03      5.6288e-04    2.828e+01     3.908e+02       1.02e+03    1.29e+02    1777888 
   90.678      90.505          3.000      50239.017      3.2016e-02      3.9487e-02      1.2642e-03      4.8708e-04    2.447e+01     4.517e+02       8.83e+02    1.11e+02    1779983 
   90.678      90.505          4.000      50239.017      3.2016e-02      3.1662e-02      1.0137e-03      3.8534e-04    1.936e+01     5.709e+02       6.99e+02    8.80e+01    1780061 
   90.678      90.505          5.000      50239.017      3.2016e-02      2.6396e-02      8.4509e-04      3.1793e-04    1.597e+01     6.920e+02       5.77e+02    7.26e+01    1777494 
   90.678      90.505          6.000      50239.017      3.2016e-02      2.2604e-02      7.2369e-04      2.7079e-04    1.360e+01     8.124e+02       4.91e+02    6.18e+01    1776272 
   90.678      90.505          7.000      50239.017      3.2016e-02      1.9861e-02      6.3587e-04      2.3766e-04    1.194e+01     9.257e+02       4.31e+02    5.43e+01    1775611 
   90.678      90.505          8.000      50239.017      3.2016e-02      1.7595e-02      5.6333e-04      2.0923e-04    1.051e+01     1.051e+03       3.79e+02    4.78e+01    1774176 
   90.678      90.505          9.000      50239.017      3.2016e-02      1.5745e-02      5.0410e-04      1.8610e-04    9.349e+00     1.182e+03       3.38e+02    4.25e+01    1772484 
   90.678      90.505          10.000     50239.017      3.2016e-02      1.4413e-02      4.6146e-04      1.7043e-04    8.562e+00     1.291e+03       3.09e+02    3.89e+01    1771715 
   199.716     199.544         0.010      2375.201      6.1000e-02      1.9079e-06      1.1638e-07      8.5845e-08    2.039e-04     2.563e+06       7.36e-03    9.27e-04    119 
   199.716     199.544         0.015      2375.201      6.1000e-02      1.6775e-05      1.0233e-06      7.4350e-07    1.766e-03     2.959e+05       6.38e-02    8.03e-03    963 
   199.716     199.544         0.020      2375.201      6.1000e-02      7.5356e-05      4.5967e-06      3.3542e-06    7.967e-03     6.559e+04       2.88e-01    3.62e-02    3638 
   199.716     199.544         0.025      2375.201      6.1000e-02      2.0966e-04      1.2789e-05      9.2749e-06    2.203e-02     2.372e+04       7.95e-01    1.00e-01    9271 
   199.716     199.544         0.030      2375.201      6.1000e-02      4.4614e-04      2.7214e-05      1.9594e-05    4.654e-02     1.123e+04       1.68e+00    2.12e-01    18699 
   199.716     199.544         0.040      2375.201      6.1000e-02      1.3251e-03      8.0829e-05      5.7706e-05    1.371e-01     3.812e+03       4.95e+00    6.23e-01    51432 
   199.716     199.544         0.050      2375.201      6.1000e-02      2.8082e-03      1.7130e-04      1.2188e-04    2.895e-01     1.805e+03       1.05e+01    1.32e+00    102620 
   199.716     199.544         0.060      2375.201      6.1000e-02      4.8381e-03      2.9512e-04      2.0923e-04    4.970e-01     1.051e+03       1.79e+01    2.26e+00    170583 
   199.716     199.544         0.070      2375.201      6.1000e-02      7.2945e-03      4.4496e-04      3.1501e-04    7.482e-01     6.984e+02       2.70e+01    3.40e+00    251032 
   199.716     199.544         0.080      2375.201      6.1000e-02      1.0130e-02      6.1793e-04      4.3704e-04    1.038e+00     5.034e+02       3.75e+01    4.72e+00    342129 
   199.716     199.544         0.090      2375.201      6.1000e-02      1.3289e-02      8.1064e-04      5.7277e-04    1.360e+00     3.841e+02       4.91e+01    6.18e+00    442870 
   199.716     199.544         0.100      2375.201      6.1000e-02      1.6519e-02      1.0077e-03      7.1142e-04    1.690e+00     3.092e+02       6.10e+01    7.68e+00    546370 
   199.716     199.544         0.150      2375.201      6.1000e-02      3.3482e-02      2.0424e-03      1.4371e-03    3.413e+00     1.531e+02       1.23e+02    1.55e+01    1096303 
   199.716     199.544         0.200      2375.201      6.1000e-02      4.8512e-02      2.9592e-03      2.0756e-03    4.930e+00     1.060e+02       1.78e+02    2.24e+01    1609150 
   199.716     199.544         0.250      2375.201      6.1000e-02      6.0408e-02      3.6848e-03      2.5753e-03    6.117e+00     8.543e+01       2.21e+02    2.78e+01    2055576 
   199.716     199.544         0.300      2375.201      6.1000e-02      6.9600e-02      4.2456e-03      2.9544e-03    7.017e+00     7.447e+01       2.53e+02    3.19e+01    2434285 
   199.716     199.544         0.400      2375.201      6.1000e-02      8.1191e-02      4.9526e-03      3.4155e-03    8.113e+00     6.441e+01       2.93e+02    3.69e+01    3014057 
   199.716     199.544         0.500      2375.201      6.1000e-02      8.7165e-02      5.3171e-03      3.6325e-03    8.628e+00     6.056e+01       3.11e+02    3.92e+01    3429593 
   199.716     199.544         0.600      2375.201      6.1000e-02      8.9702e-02      5.4718e-03      3.7046e-03    8.799e+00     5.939e+01       3.18e+02    4.00e+01    3732679 
   199.716     199.544         0.700      2375.201      6.1000e-02      9.0212e-02      5.5029e-03      3.6951e-03    8.777e+00     5.954e+01       3.17e+02    3.99e+01    3960727 
   199.716     199.544         0.800      2375.201      6.1000e-02      8.9624e-02      5.4671e-03      3.6432e-03    8.653e+00     6.039e+01       3.12e+02    3.93e+01    4136646 
   199.716     199.544         0.900      2375.201      6.1000e-02      8.8327e-02      5.3879e-03      3.5655e-03    8.469e+00     6.170e+01       3.06e+02    3.85e+01    4272904 
   199.716     199.544         1.000      2375.201      6.1000e-02      8.6425e-02      5.2719e-03      3.4685e-03    8.238e+00     6.343e+01       2.97e+02    3.74e+01    4381636 
   199.716     199.544         1.500      2375.201      6.1000e-02      7.5750e-02      4.6207e-03      2.9648e-03    7.042e+00     7.420e+01       2.54e+02    3.20e+01    4684597 
   199.716     199.544         2.000      2375.201      6.1000e-02      6.6102e-02      4.0322e-03      2.5463e-03    6.048e+00     8.640e+01       2.18e+02    2.75e+01    4817864 
   199.716     199.544         2.500      2375.201      6.1000e-02      5.8314e-02      3.5572e-03      2.2193e-03    5.271e+00     9.913e+01       1.90e+02    2.40e+01    4882581 
   199.716     199.544         3.000      2375.201      6.1000e-02      5.1953e-02      3.1691e-03      1.9623e-03    4.661e+00     1.121e+02       1.68e+02    2.12e+01    4920811 
   199.716     199.544         4.000      2375.201      6.1000e-02      4.2531e-02      2.5944e-03      1.5863e-03    3.768e+00     1.387e+02       1.36e+02    1.71e+01    4954299 
   199.716     199.544         5.000      2375.201      6.1000e-02      3.5993e-02      2.1956e-03      1.3320e-03    3.164e+00     1.652e+02       1.14e+02    1.44e+01    4968685 
   199.716     199.544         6.000      2375.201      6.1000e-02      3.1265e-02      1.9072e-03      1.1508e-03    2.733e+00     1.912e+02       9.87e+01    1.24e+01    4974939 
   199.716     199.544         7.000      2375.201      6.1000e-02      2.7558e-02      1.6810e-03      1.0105e-03    2.400e+00     2.177e+02       8.66e+01    1.09e+01    4977433 
   199.716     199.544         8.000      2375.201      6.1000e-02      2.4604e-02      1.5008e-03      8.9911e-04    2.136e+00     2.447e+02       7.71e+01    9.71e+00    4977473 
   199.716     199.544         9.000      2375.201      6.1000e-02      2.2248e-02      1.3571e-03      8.1106e-04    1.926e+00     2.712e+02       6.95e+01    8.75e+00    4976413 
   199.716     199.544         10.000      2375.201      6.1000e-02      2.0306e-02      1.2387e-03      7.3853e-04    1.754e+00     2.979e+02       6.33e+01    7.97e+00    4976161 
   299.822     299.650         0.010      492.699      7.7246e-02      1.4453e-07      1.1164e-08      8.0376e-09    3.960e-06     2.737e+07       1.43e-04    1.80e-05    23 
   299.822     299.650         0.015      492.699      7.7246e-02      4.2528e-06      3.2851e-07      2.4939e-07    1.229e-04     8.822e+05       4.44e-03    5.59e-04    346 
   299.822     299.650         0.020      492.699      7.7246e-02      2.1838e-05      1.6869e-06      1.2681e-06    6.248e-04     1.735e+05       2.26e-02    2.84e-03    1622 
   299.822     299.650         0.025      492.699      7.7246e-02      7.0103e-05      5.4152e-06      4.1619e-06    2.051e-03     5.286e+04       7.40e-02    9.32e-03    4656 
   299.822     299.650         0.030      492.699      7.7246e-02      1.6658e-04      1.2867e-05      9.8752e-06    4.865e-03     2.228e+04       1.76e-01    2.21e-02    10398 
   299.822     299.650         0.040      492.699      7.7246e-02      6.0738e-04      4.6918e-05      3.5952e-05    1.771e-02     6.119e+03       6.39e-01    8.05e-02    33242 
   299.822     299.650         0.050      492.699      7.7246e-02      1.4148e-03      1.0929e-04      8.3721e-05    4.125e-02     2.628e+03       1.49e+00    1.88e-01    72462 
   299.822     299.650         0.060      492.699      7.7246e-02      2.6498e-03      2.0469e-04      1.5665e-04    7.718e-02     1.404e+03       2.79e+00    3.51e-01    128943 
   299.822     299.650         0.070      492.699      7.7246e-02      4.3102e-03      3.3295e-04      2.5434e-04    1.253e-01     8.650e+02       4.52e+00    5.70e-01    201638 
   299.822     299.650         0.080      492.699      7.7246e-02      6.3382e-03      4.8960e-04      3.7361e-04    1.841e-01     5.888e+02       6.65e+00    8.37e-01    288300 
   299.822     299.650         0.090      492.699      7.7246e-02      8.5905e-03      6.6358e-04      5.0562e-04    2.491e-01     4.351e+02       8.99e+00    1.13e+00    384337 
   299.822     299.650         0.100      492.699      7.7246e-02      1.1133e-02      8.5999e-04      6.5479e-04    3.226e-01     3.360e+02       1.16e+01    1.47e+00    489580 
   299.822     299.650         0.150      492.699      7.7246e-02      2.5703e-02      1.9854e-03      1.5069e-03    7.425e-01     1.460e+02       2.68e+01    3.38e+00    1089632 
   299.822     299.650         0.200      492.699      7.7246e-02      3.9999e-02      3.0897e-03      2.3405e-03    1.153e+00     9.400e+01       4.16e+01    5.24e+00    1698249 
   299.822     299.650         0.250      492.699      7.7246e-02      5.2435e-02      4.0504e-03      3.0639e-03    1.510e+00     7.180e+01       5.45e+01    6.86e+00    2259913 
   299.822     299.650         0.300      492.699      7.7246e-02      6.2595e-02      4.8352e-03      3.6527e-03    1.800e+00     6.023e+01       6.50e+01    8.18e+00    2755957 
   299.822     299.650         0.400      492.699      7.7246e-02      7.6854e-02      5.9366e-03      4.4716e-03    2.203e+00     4.920e+01       7.95e+01    1.00e+01    3559712 
   299.822     299.650         0.500      492.699      7.7246e-02      8.5156e-02      6.5780e-03      4.9390e-03    2.433e+00     4.454e+01       8.78e+01    1.11e+01    4158296 
   299.822     299.650         0.600      492.699      7.7246e-02      8.9959e-02      6.9490e-03      5.2007e-03    2.562e+00     4.230e+01       9.25e+01    1.16e+01    4622646 
   299.822     299.650         0.700      492.699      7.7246e-02      9.2164e-02      7.1193e-03      5.3082e-03    2.615e+00     4.145e+01       9.44e+01    1.19e+01    4974763 
   299.822     299.650         0.800      492.699      7.7246e-02      9.2726e-02      7.1627e-03      5.3227e-03    2.623e+00     4.133e+01       9.47e+01    1.19e+01    5247063 
   299.822     299.650         0.900      492.699      7.7246e-02      9.2433e-02      7.1401e-03      5.2867e-03    2.605e+00     4.161e+01       9.40e+01    1.18e+01    5467178 
   299.822     299.650         1.000      492.699      7.7246e-02      9.1608e-02      7.0764e-03      5.2231e-03    2.573e+00     4.212e+01       9.29e+01    1.17e+01    5648113 
   299.822     299.650         1.500      492.699      7.7246e-02      8.2802e-02      6.3961e-03      4.6534e-03    2.293e+00     4.728e+01       8.28e+01    1.04e+01    6165370 
   299.822     299.650         2.000      492.699      7.7246e-02      7.3539e-02      5.6806e-03      4.0842e-03    2.012e+00     5.387e+01       7.26e+01    9.15e+00    6392191 
   299.822     299.650         2.500      492.699      7.7246e-02      6.5515e-02      5.0608e-03      3.6077e-03    1.778e+00     6.098e+01       6.42e+01    8.08e+00    6510899 
   299.822     299.650         3.000      492.699      7.7246e-02      5.8912e-02      4.5507e-03      3.2206e-03    1.587e+00     6.831e+01       5.73e+01    7.21e+00    6576756 
   299.822     299.650         4.000      492.699      7.7246e-02      4.8836e-02      3.7724e-03      2.6406e-03    1.301e+00     8.331e+01       4.70e+01    5.91e+00    6640163 
   299.822     299.650         5.000      492.699      7.7246e-02      4.1571e-02      3.2112e-03      2.2308e-03    1.099e+00     9.862e+01       3.97e+01    5.00e+00    6664351 
   299.822     299.650         6.000      492.699      7.7246e-02      3.6264e-02      2.8012e-03      1.9354e-03    9.536e-01     1.137e+02       3.44e+01    4.33e+00    6676043 
   299.822     299.650         7.000      492.699      7.7246e-02      3.2062e-02      2.4766e-03      1.7026e-03    8.389e-01     1.292e+02       3.03e+01    3.81e+00    6681683 
   299.822     299.650         8.000      492.699      7.7246e-02      2.8731e-02      2.2193e-03      1.5201e-03    7.490e-01     1.447e+02       2.70e+01    3.40e+00    6679107 
   299.822     299.650         9.000      492.699      7.7246e-02      2.6036e-02      2.0112e-03      1.3734e-03    6.767e-01     1.602e+02       2.44e+01    3.08e+00    6679814 
   299.822     299.650         10.000      492.699      7.7246e-02      2.3849e-02      1.8422e-03      1.2551e-03    6.184e-01     1.753e+02       2.23e+01    2.81e+00    6676993 
   400.268     400.096         0.010      144.984      9.0447e-02      1.6618e-07      1.5031e-08      9.5938e-09    1.391e-06     2.293e+07       5.02e-05    6.32e-06    14 
   400.268     400.096         0.015      144.984      9.0447e-02      2.0177e-06      1.8249e-07      1.4189e-07    2.057e-05     1.550e+06       7.43e-04    9.35e-05    195 
   400.268     400.096         0.020      144.984      9.0447e-02      9.4464e-06      8.5440e-07      6.5971e-07    9.565e-05     3.335e+05       3.45e-03    4.35e-04    884 
   400.268     400.096         0.025      144.984      9.0447e-02      3.2708e-05      2.9583e-06      2.3171e-06    3.359e-04     9.495e+04       1.21e-02    1.53e-03    2761 
   400.268     400.096         0.030      144.984      9.0447e-02      8.1884e-05      7.4061e-06      5.8968e-06    8.549e-04     3.731e+04       3.09e-02    3.89e-03    6504 
   400.268     400.096         0.040      144.984      9.0447e-02      3.3025e-04      2.9870e-05      2.3971e-05    3.475e-03     9.178e+03       1.25e-01    1.58e-02    22993 
   400.268     400.096         0.050      144.984      9.0447e-02      8.3403e-04      7.5435e-05      6.0755e-05    8.809e-03     3.621e+03       3.18e-01    4.00e-02    54021 
   400.268     400.096         0.060      144.984      9.0447e-02      1.6722e-03      1.5124e-04      1.2181e-04    1.766e-02     1.806e+03       6.38e-01    8.03e-02    101791 
   400.268     400.096         0.070      144.984      9.0447e-02      2.8372e-03      2.5661e-04      2.0670e-04    2.997e-02     1.064e+03       1.08e+00    1.36e-01    164072 
   400.268     400.096         0.080      144.984      9.0447e-02      4.3510e-03      3.9353e-04      3.1666e-04    4.591e-02     6.948e+02       1.66e+00    2.09e-01    242772 
   400.268     400.096         0.090      144.984      9.0447e-02      6.1249e-03      5.5397e-04      4.4542e-04    6.458e-02     4.939e+02       2.33e+00    2.94e-01    332081 
   400.268     400.096         0.100      144.984      9.0447e-02      8.1204e-03      7.3446e-04      5.9030e-04    8.558e-02     3.727e+02       3.09e+00    3.89e-01    432555 
   400.268     400.096         0.150      144.984      9.0447e-02      2.0529e-02      1.8567e-03      1.4905e-03    2.161e-01     1.476e+02       7.80e+00    9.82e-01    1033677 
   400.268     400.096         0.200      144.984      9.0447e-02      3.3880e-02      3.0643e-03      2.4573e-03    3.563e-01     8.953e+01       1.29e+01    1.62e+00    1687270 
   400.268     400.096         0.250      144.984      9.0447e-02      4.6114e-02      4.1708e-03      3.3427e-03    4.846e-01     6.582e+01       1.75e+01    2.20e+00    2312941 
   400.268     400.096         0.300      144.984      9.0447e-02      5.6472e-02      5.1077e-03      4.0922e-03    5.933e-01     5.376e+01       2.14e+01    2.70e+00    2880846 
   400.268     400.096         0.400      144.984      9.0447e-02      7.2225e-02      6.5326e-03      5.2272e-03    7.579e-01     4.209e+01       2.74e+01    3.45e+00    3842338 
   400.268     400.096         0.500      144.984      9.0447e-02      8.2158e-02      7.4309e-03      5.9392e-03    8.611e-01     3.704e+01       3.11e+01    3.91e+00    4581405 
   400.268     400.096         0.600      144.984      9.0447e-02      8.8478e-02      8.0026e-03      6.3867e-03    9.260e-01     3.445e+01       3.34e+01    4.21e+00    5166620 
   400.268     400.096         0.700      144.984      9.0447e-02      9.2006e-02      8.3217e-03      6.6307e-03    9.613e-01     3.318e+01       3.47e+01    4.37e+00    5623531 
   400.268     400.096         0.800      144.984      9.0447e-02      9.3685e-02      8.4735e-03      6.7392e-03    9.771e-01     3.264e+01       3.53e+01    4.44e+00    5988412 
   400.268     400.096         0.900      144.984      9.0447e-02      9.4292e-02      8.5284e-03      6.7702e-03    9.816e-01     3.250e+01       3.54e+01    4.46e+00    6284067 
   400.268     400.096         1.000      144.984      9.0447e-02      9.4064e-02      8.5078e-03      6.7414e-03    9.774e-01     3.263e+01       3.53e+01    4.44e+00    6525446 
   400.268     400.096         1.500      144.984      9.0447e-02      8.7459e-02      7.9104e-03      6.2110e-03    9.005e-01     3.542e+01       3.25e+01    4.09e+00    7251250 
   400.268     400.096         2.000      144.984      9.0447e-02      7.8986e-02      7.1441e-03      5.5655e-03    8.069e-01     3.953e+01       2.91e+01    3.67e+00    7591215 
   400.268     400.096         2.500      144.984      9.0447e-02      7.1143e-02      6.4347e-03      4.9811e-03    7.222e-01     4.417e+01       2.61e+01    3.28e+00    7769228 
   400.268     400.096         3.000      144.984      9.0447e-02      6.4339e-02      5.8193e-03      4.4802e-03    6.496e-01     4.910e+01       2.34e+01    2.95e+00    7869973 
   400.268     400.096         4.000      144.984      9.0447e-02      5.3944e-02      4.8791e-03      3.7258e-03    5.402e-01     5.905e+01       1.95e+01    2.46e+00    7972840 
   400.268     400.096         5.000      144.984      9.0447e-02      4.6216e-02      4.1801e-03      3.1724e-03    4.599e-01     6.935e+01       1.66e+01    2.09e+00    8016899 
   400.268     400.096         6.000      144.984      9.0447e-02      4.0463e-02      3.6598e-03      2.7646e-03    4.008e-01     7.958e+01       1.45e+01    1.82e+00    8034807 
   400.268     400.096         7.000      144.984      9.0447e-02      3.5925e-02      3.2493e-03      2.4451e-03    3.545e-01     8.998e+01       1.28e+01    1.61e+00    8044065 
   400.268     400.096         8.000      144.984      9.0447e-02      3.2220e-02      2.9142e-03      2.1871e-03    3.171e-01     1.006e+02       1.14e+01    1.44e+00    8045769 
   400.268     400.096         9.000      144.984      9.0447e-02      2.9261e-02      2.6465e-03      1.9808e-03    2.872e-01     1.111e+02       1.04e+01    1.31e+00    8044328 
   400.268     400.096         10.000      144.984      9.0447e-02      2.6915e-02      2.4344e-03      1.8188e-03    2.637e-01     1.210e+02       9.52e+00    1.20e+00    8045429 
   500.235     500.062         0.010      52.734      9.6895e-02      4.1553e-08      4.0262e-09      3.5014e-09    1.846e-07     6.283e+07       6.67e-06    8.39e-07    6 
   500.235     500.062         0.015      52.734      9.6895e-02      5.0101e-07      4.8545e-08      4.1760e-08    2.202e-06     5.268e+06       7.95e-05    1.00e-05    75 
   500.235     500.062         0.020      52.734      9.6895e-02      3.8563e-06      3.7365e-07      3.2592e-07    1.719e-05     6.750e+05       6.20e-04    7.81e-05    439 
   500.235     500.062         0.025      52.734      9.6895e-02      1.7543e-05      1.6999e-06      1.4655e-06    7.728e-05     1.501e+05       2.79e-03    3.51e-04    1717 
   500.235     500.062         0.030      52.734      9.6895e-02      4.8495e-05      4.6989e-06      4.0453e-06    2.133e-04     5.438e+04       7.70e-03    9.70e-04    4361 
   500.235     500.062         0.040      52.734      9.6895e-02      2.0850e-04      2.0203e-05      1.7361e-05    9.155e-04     1.267e+04       3.31e-02    4.16e-03    16561 
   500.235     500.062         0.050      52.734      9.6895e-02      5.6983e-04      5.5214e-05      4.7083e-05    2.483e-03     4.673e+03       8.96e-02    1.13e-02    41221 
   500.235     500.062         0.060      52.734      9.6895e-02      1.1937e-03      1.1566e-04      9.8227e-05    5.180e-03     2.240e+03       1.87e-01    2.35e-02    80757 
   500.235     500.062         0.070      52.734      9.6895e-02      2.0985e-03      2.0334e-04      1.7213e-04    9.077e-03     1.278e+03       3.28e-01    4.13e-02    133957 
   500.235     500.062         0.080      52.734      9.6895e-02      3.2857e-03      3.1836e-04      2.6884e-04    1.418e-02     8.183e+02       5.12e-01    6.45e-02    202049 
   500.235     500.062         0.090      52.734      9.6895e-02      4.7337e-03      4.5867e-04      3.8696e-04    2.041e-02     5.685e+02       7.37e-01    9.28e-02    283026 
   500.235     500.062         0.100      52.734      9.6895e-02      6.4073e-03      6.2083e-04      5.2265e-04    2.756e-02     4.209e+02       9.95e-01    1.25e-01    373980 
   500.235     500.062         0.150      52.734      9.6895e-02      1.7261e-02      1.6725e-03      1.4025e-03    7.396e-02     1.569e+02       2.67e+00    3.36e-01    940254 
   500.235     500.062         0.200      52.734      9.6895e-02      2.9550e-02      2.8632e-03      2.3955e-03    1.263e-01     9.184e+01       4.56e+00    5.74e-01    1581628 
   500.235     500.062         0.250      52.734      9.6895e-02      4.1334e-02      4.0051e-03      3.3467e-03    1.765e-01     6.574e+01       6.37e+00    8.02e-01    2214440 
   500.235     500.062         0.300      52.734      9.6895e-02      5.1761e-02      5.0154e-03      4.1862e-03    2.208e-01     5.255e+01       7.97e+00    1.00e+00    2802873 
   500.235     500.062         0.400      52.734      9.6895e-02      6.8033e-02      6.5921e-03      5.4957e-03    2.898e-01     4.003e+01       1.05e+01    1.32e+00    3819598 
   500.235     500.062         0.500      52.734      9.6895e-02      7.9057e-02      7.6603e-03      6.3796e-03    3.364e-01     3.448e+01       1.21e+01    1.53e+00    4630580 
   500.235     500.062         0.600      52.734      9.6895e-02      8.6307e-02      8.3627e-03      6.9574e-03    3.669e-01     3.162e+01       1.32e+01    1.67e+00    5278006 
   500.235     500.062         0.700      52.734      9.6895e-02      9.0707e-02      8.7890e-03      7.3044e-03    3.852e-01     3.012e+01       1.39e+01    1.75e+00    5797693 
   500.235     500.062         0.800      52.734      9.6895e-02      9.3292e-02      9.0396e-03      7.5057e-03    3.958e-01     2.931e+01       1.43e+01    1.80e+00    6217204 
   500.235     500.062         0.900      52.734      9.6895e-02      9.4538e-02      9.1603e-03      7.5984e-03    4.007e-01     2.895e+01       1.45e+01    1.82e+00    6561072 
   500.235     500.062         1.000      52.734      9.6895e-02      9.4918e-02      9.1971e-03      7.6204e-03    4.019e-01     2.887e+01       1.45e+01    1.83e+00    6848601 
   500.235     500.062         1.500      52.734      9.6895e-02      9.0217e-02      8.7416e-03      7.2024e-03    3.798e-01     3.055e+01       1.37e+01    1.73e+00    7739494 
   500.235     500.062         2.000      52.734      9.6895e-02      8.2395e-02      7.9837e-03      6.5448e-03    3.451e-01     3.361e+01       1.25e+01    1.57e+00    8168734 
   500.235     500.062         2.500      52.734      9.6895e-02      7.4884e-02      7.2559e-03      5.9204e-03    3.122e-01     3.716e+01       1.13e+01    1.42e+00    8405118 
   500.235     500.062         3.000      52.734      9.6895e-02      6.8247e-02      6.6128e-03      5.3715e-03    2.833e-01     4.096e+01       1.02e+01    1.29e+00    8547858 
   500.235     500.062         4.000      52.734      9.6895e-02      5.7589e-02      5.5801e-03      4.5030e-03    2.375e-01     4.886e+01       8.57e+00    1.08e+00    8698685 
   500.235     500.062         5.000      52.734      9.6895e-02      4.9685e-02      4.8142e-03      3.8640e-03    2.038e-01     5.694e+01       7.36e+00    9.26e-01    8768867 
   500.235     500.062         6.000      52.734      9.6895e-02      4.3610e-02      4.2256e-03      3.3769e-03    1.781e-01     6.515e+01       6.43e+00    8.10e-01    8804348 
   500.235     500.062         7.000      52.734      9.6895e-02      3.8901e-02      3.7693e-03      3.0017e-03    1.583e-01     7.329e+01       5.71e+00    7.20e-01    8823315 
   500.235     500.062         8.000      52.734      9.6895e-02      3.5106e-02      3.4016e-03      2.7022e-03    1.425e-01     8.142e+01       5.14e+00    6.48e-01    8834077 
   500.235     500.062         9.000      52.734      9.6895e-02      3.1933e-02      3.0942e-03      2.4524e-03    1.293e-01     8.971e+01       4.67e+00    5.88e-01    8842623 
   500.235     500.062         10.000      52.734      9.6895e-02      2.9290e-02      2.8381e-03      2.2450e-03    1.184e-01     9.800e+01       4.27e+00    5.38e-01    8843895 
   599.890     599.717         0.010      22.080      1.0803e-01      0.0000e+00      0.0000e+00      0.0000e+00    0.000e+00     	nan       0.00e+00    0.00e+00    0 
   599.890     599.717         0.015      22.080      1.0803e-01      6.6401e-08      7.1733e-09      5.9938e-09    1.323e-07     3.670e+07       4.78e-06    6.01e-07    19 
   599.890     599.717         0.020      22.080      1.0803e-01      1.1823e-06      1.2772e-07      1.1096e-07    2.450e-06     1.983e+06       8.84e-05    1.11e-05    183 
   599.890     599.717         0.025      22.080      1.0803e-01      5.9882e-06      6.4690e-07      5.5388e-07    1.223e-05     3.972e+05       4.41e-04    5.56e-05    788 
   599.890     599.717         0.030      22.080      1.0803e-01      1.9839e-05      2.1432e-06      1.8455e-06    4.075e-05     1.192e+05       1.47e-03    1.85e-04    2319 
   599.890     599.717         0.040      22.080      1.0803e-01      1.0643e-04      1.1498e-05      9.9226e-06    2.191e-04     2.217e+04       7.91e-03    9.96e-04    10487 
   599.890     599.717         0.050      22.080      1.0803e-01      3.3077e-04      3.5733e-05      3.0760e-05    6.792e-04     7.152e+03       2.45e-02    3.09e-03    28893 
   599.890     599.717         0.060      22.080      1.0803e-01      7.4618e-04      8.0610e-05      6.9362e-05    1.532e-03     3.172e+03       5.53e-02    6.96e-03    60063 
   599.890     599.717         0.070      22.080      1.0803e-01      1.4043e-03      1.5171e-04      1.3025e-04    2.876e-03     1.689e+03       1.04e-01    1.31e-02    105972 
   599.890     599.717         0.080      22.080      1.0803e-01      2.3064e-03      2.4917e-04      2.1392e-04    4.723e-03     1.028e+03       1.71e-01    2.15e-02    166010 
   599.890     599.717         0.090      22.080      1.0803e-01      3.4400e-03      3.7162e-04      3.1866e-04    7.036e-03     6.904e+02       2.54e-01    3.20e-02    238803 
   599.890     599.717         0.100      22.080      1.0803e-01      4.8282e-03      5.2159e-04      4.4697e-04    9.869e-03     4.922e+02       3.56e-01    4.49e-02    324758 
   599.890     599.717         0.150      22.080      1.0803e-01      1.4298e-02      1.5446e-03      1.3202e-03    2.915e-02     1.666e+02       1.05e+00    1.33e-01    881697 
   599.890     599.717         0.200      22.080      1.0803e-01      2.5830e-02      2.7904e-03      2.3815e-03    5.258e-02     9.238e+01       1.90e+00    2.39e-01    1546638 
   599.890     599.717         0.250      22.080      1.0803e-01      3.7257e-02      4.0249e-03      3.4326e-03    7.579e-02     6.409e+01       2.74e+00    3.44e-01    2219826 
   599.890     599.717         0.300      22.080      1.0803e-01      4.7880e-02      5.1725e-03      4.4070e-03    9.731e-02     4.992e+01       3.51e+00    4.42e-01    2866390 
   599.890     599.717         0.400      22.080      1.0803e-01      6.4888e-02      7.0099e-03      5.9665e-03    1.317e-01     3.687e+01       4.76e+00    5.99e-01    3999071 
   599.890     599.717         0.500      22.080      1.0803e-01      7.6906e-02      8.3082e-03      7.0658e-03    1.560e-01     3.114e+01       5.63e+00    7.09e-01    4924700 
   599.890     599.717         0.600      22.080      1.0803e-01      8.5129e-02      9.1965e-03      7.8151e-03    1.726e-01     2.815e+01       6.23e+00    7.85e-01    5673657 
   599.890     599.717         0.700      22.080      1.0803e-01      9.0627e-02      9.7905e-03      8.3152e-03    1.836e-01     2.646e+01       6.63e+00    8.35e-01    6288666 
   599.890     599.717         0.800      22.080      1.0803e-01      9.3983e-02      1.0153e-02      8.6168e-03    1.903e-01     2.553e+01       6.87e+00    8.65e-01    6790146 
   599.890     599.717         0.900      22.080      1.0803e-01      9.5928e-02      1.0363e-02      8.7897e-03    1.941e-01     2.503e+01       7.01e+00    8.82e-01    7201510 
   599.890     599.717         1.000      22.080      1.0803e-01      9.6785e-02      1.0456e-02      8.8609e-03    1.956e-01     2.483e+01       7.06e+00    8.89e-01    7547583 
   599.890     599.717         1.500      22.080      1.0803e-01      9.3656e-02      1.0118e-02      8.5420e-03    1.886e-01     2.576e+01       6.81e+00    8.57e-01    8636226 
   599.890     599.717         2.000      22.080      1.0803e-01      8.6409e-02      9.3348e-03      7.8511e-03    1.734e-01     2.802e+01       6.26e+00    7.88e-01    9177286 
   599.890     599.717         2.500      22.080      1.0803e-01      7.9053e-02      8.5401e-03      7.1587e-03    1.581e-01     3.073e+01       5.71e+00    7.19e-01    9479290 
   599.890     599.717         3.000      22.080      1.0803e-01      7.2389e-02      7.8202e-03      6.5348e-03    1.443e-01     3.367e+01       5.21e+00    6.56e-01    9663831 
   599.890     599.717         4.000      22.080      1.0803e-01      6.1475e-02      6.6412e-03      5.5222e-03    1.219e-01     3.984e+01       4.40e+00    5.54e-01    9861537 
   599.890     599.717         5.000      22.080      1.0803e-01      5.3185e-02      5.7456e-03      4.7574e-03    1.050e-01     4.624e+01       3.79e+00    4.77e-01    9954141 
   599.890     599.717         6.000      22.080      1.0803e-01      4.6789e-02      5.0546e-03      4.1734e-03    9.215e-02     5.271e+01       3.33e+00    4.19e-01    10003605 
   599.890     599.717         7.000      22.080      1.0803e-01      4.1784e-02      4.5139e-03      3.7163e-03    8.206e-02     5.920e+01       2.96e+00    3.73e-01    10029536 
   599.890     599.717         8.000      22.080      1.0803e-01      3.7727e-02      4.0756e-03      3.3493e-03    7.395e-02     6.569e+01       2.67e+00    3.36e-01    10045889 
   599.890     599.717         9.000      22.080      1.0803e-01      3.4347e-02      3.7105e-03      3.0426e-03    6.718e-02     7.231e+01       2.43e+00    3.05e-01    10055219 
   599.890     599.717         10.000      22.080      1.0803e-01      3.1566e-02      3.4101e-03      2.7919e-03    6.164e-02     7.880e+01       2.23e+00    2.80e-01    10057547 
   700.065     699.891         0.010      9.924      1.1506e-01      0.0000e+00      0.0000e+00      0.0000e+00    0.000e+00     	nan       0.00e+00    0.00e+00    0 
   700.065     699.891         0.015      9.924      1.1506e-01      7.0608e-08      8.1240e-09      6.2625e-09    6.215e-08     3.513e+07       2.24e-06    2.82e-07    13 
   700.065     699.891         0.020      9.924      1.1506e-01      6.6434e-07      7.6437e-08      6.4910e-08    6.442e-07     3.389e+06       2.33e-05    2.93e-06    131 
   700.065     699.891         0.025      9.924      1.1506e-01      3.5616e-06      4.0979e-07      3.5032e-07    3.477e-06     6.280e+05       1.26e-04    1.58e-05    583 
   700.065     699.891         0.030      9.924      1.1506e-01      1.3272e-05      1.5270e-06      1.3195e-06    1.309e-05     1.667e+05       4.73e-04    5.95e-05    1822 
   700.065     699.891         0.040      9.924      1.1506e-01      7.7785e-05      8.9497e-06      7.6968e-06    7.638e-05     2.858e+04       2.76e-03    3.47e-04    8570 
   700.065     699.891         0.050      9.924      1.1506e-01      2.5281e-04      2.9087e-05      2.5085e-05    2.489e-04     8.770e+03       8.99e-03    1.13e-03    24769 
   700.065     699.891         0.060      9.924      1.1506e-01      5.7795e-04      6.6497e-05      5.7120e-05    5.669e-04     3.852e+03       2.05e-02    2.58e-03    51804 
   700.065     699.891         0.070      9.924      1.1506e-01      1.1132e-03      1.2808e-04      1.1008e-04    1.092e-03     1.999e+03       3.94e-02    4.96e-03    93579 
   700.065     699.891         0.080      9.924      1.1506e-01      1.8885e-03      2.1729e-04      1.8657e-04    1.852e-03     1.179e+03       6.68e-02    8.42e-03    149725 
   700.065     699.891         0.090      9.924      1.1506e-01      2.8697e-03      3.3018e-04      2.8304e-04    2.809e-03     7.773e+02       1.01e-01    1.28e-02    217927 
   700.065     699.891         0.100      9.924      1.1506e-01      4.0953e-03      4.7120e-04      4.0370e-04    4.006e-03     5.450e+02       1.45e-01    1.82e-02    299733 
   700.065     699.891         0.150      9.924      1.1506e-01      1.2646e-02      1.4550e-03      1.2434e-03    1.234e-02     1.769e+02       4.45e-01    5.61e-02    842464 
   700.065     699.891         0.200      9.924      1.1506e-01      2.3507e-02      2.7047e-03      2.3073e-03    2.290e-02     9.535e+01       8.27e-01    1.04e-01    1508802 
   700.065     699.891         0.250      9.924      1.1506e-01      3.4619e-02      3.9832e-03      3.3944e-03    3.369e-02     6.481e+01       1.22e+00    1.53e-01    2199855 
   700.065     699.891         0.300      9.924      1.1506e-01      4.4904e-02      5.1665e-03      4.3985e-03    4.365e-02     5.002e+01       1.58e+00    1.98e-01    2860580 
   700.065     699.891         0.400      9.924      1.1506e-01      6.2065e-02      7.1410e-03      6.0717e-03    6.026e-02     3.623e+01       2.18e+00    2.74e-01    4049320 
   700.065     699.891         0.500      9.924      1.1506e-01      7.4569e-02      8.5797e-03      7.2887e-03    7.233e-02     3.018e+01       2.61e+00    3.29e-01    5037918 
   700.065     699.891         0.600      9.924      1.1506e-01      8.3275e-02      9.5814e-03      8.1328e-03    8.071e-02     2.705e+01       2.91e+00    3.67e-01    5839011 
   700.065     699.891         0.700      9.924      1.1506e-01      8.9182e-02      1.0261e-02      8.7047e-03    8.639e-02     2.527e+01       3.12e+00    3.93e-01    6498043 
   700.065     699.891         0.800      9.924      1.1506e-01      9.3036e-02      1.0704e-02      9.0761e-03    9.007e-02     2.424e+01       3.25e+00    4.09e-01    7044782 
   700.065     699.891         0.900      9.924      1.1506e-01      9.5521e-02      1.0990e-02      9.3134e-03    9.243e-02     2.362e+01       3.34e+00    4.20e-01    7502556 
   700.065     699.891         1.000      9.924      1.1506e-01      9.6863e-02      1.1145e-02      9.4398e-03    9.368e-02     2.331e+01       3.38e+00    4.26e-01    7883168 
   700.065     699.891         1.500      9.924      1.1506e-01      9.4993e-02      1.0930e-02      9.2348e-03    9.165e-02     2.382e+01       3.31e+00    4.17e-01    9096791 
   700.065     699.891         2.000      9.924      1.1506e-01      8.8366e-02      1.0167e-02      8.5690e-03    8.504e-02     2.567e+01       3.07e+00    3.87e-01    9715361 
   700.065     699.891         2.500      9.924      1.1506e-01      8.1244e-02      9.3477e-03      7.8607e-03    7.801e-02     2.799e+01       2.82e+00    3.55e-01    10069351 
   700.065     699.891         3.000      9.924      1.1506e-01      7.4641e-02      8.5880e-03      7.2054e-03    7.151e-02     3.053e+01       2.58e+00    3.25e-01    10283668 
   700.065     699.891         4.000      9.924      1.1506e-01      6.3760e-02      7.3360e-03      6.1328e-03    6.086e-02     3.587e+01       2.20e+00    2.77e-01    10518896 
   700.065     699.891         5.000      9.924      1.1506e-01      5.5330e-02      6.3661e-03      5.3042e-03    5.264e-02     4.148e+01       1.90e+00    2.39e-01    10636775 
   700.065     699.891         6.000      9.924      1.1506e-01      4.8845e-02      5.6200e-03      4.6717e-03    4.636e-02     4.709e+01       1.67e+00    2.11e-01    10697355 
   700.065     699.891         7.000      9.924      1.1506e-01      4.3614e-02      5.0181e-03      4.1620e-03    4.130e-02     5.286e+01       1.49e+00    1.88e-01    10729702 
   700.065     699.891         8.000      9.924      1.1506e-01      3.9418e-02      4.5354e-03      3.7553e-03    3.727e-02     5.858e+01       1.35e+00    1.69e-01    10750217 
   700.065     699.891         9.000      9.924      1.1506e-01      3.5957e-02      4.1371e-03      3.4197e-03    3.394e-02     6.433e+01       1.23e+00    1.54e-01    10766337 
   700.065     699.891         10.000      9.924      1.1506e-01      3.3046e-02      3.8022e-03      3.1390e-03    3.115e-02     7.009e+01       1.12e+00    1.42e-01    10773531 
   799.895     799.721         0.010      4.781      1.2126e-01      0.0000e+00      0.0000e+00      0.0000e+00    0.000e+00            nan       0.00e+00    0.00e+00    0 
    799.895     799.721         0.015      4.781      1.2126e-01      5.5987e-08      6.7891e-09      5.6225e-09    2.688e-08     3.913e+07       9.70e-07    1.22e-07    10 
    799.895     799.721         0.020      4.781      1.2126e-01      5.8212e-07      7.0589e-08      5.9111e-08    2.826e-07     3.722e+06       1.02e-05    1.28e-06    113 
    799.895     799.721         0.025      4.781      1.2126e-01      3.0011e-06      3.6392e-07      3.0911e-07    1.478e-06     7.117e+05       5.33e-05    6.72e-06    561 
    799.895     799.721         0.030      4.781      1.2126e-01      9.2898e-06      1.1265e-06      9.5665e-07    4.573e-06     2.300e+05       1.65e-04    2.08e-05    1708 
    799.895     799.721         0.040      4.781      1.2126e-01      5.6453e-05      6.8456e-06      5.8518e-06    2.798e-05     3.760e+04       1.01e-03    1.27e-04    8701 
    799.895     799.721         0.050      4.781      1.2126e-01      1.8971e-04      2.3004e-05      1.9612e-05    9.376e-05     1.122e+04       3.38e-03    4.26e-04    25630 
    799.895     799.721         0.060      4.781      1.2126e-01      4.5421e-04      5.5079e-05      4.6926e-05    2.243e-04     4.688e+03       8.10e-03    1.02e-03    56328 
    799.895     799.721         0.070      4.781      1.2126e-01      8.8553e-04      1.0738e-04      9.1435e-05    4.371e-04     2.406e+03       1.58e-02    1.99e-03    102518 
    799.895     799.721         0.080      4.781      1.2126e-01      1.5130e-03      1.8348e-04      1.5624e-04    7.469e-04     1.408e+03       2.70e-02    3.40e-03    166326 
    799.895     799.721         0.090      4.781      1.2126e-01      2.3333e-03      2.8294e-04      2.4078e-04    1.151e-03     9.137e+02       4.16e-02    5.23e-03    245656 
    799.895     799.721         0.100      4.781      1.2126e-01      3.3558e-03      4.0693e-04      3.4618e-04    1.655e-03     6.355e+02       5.97e-02    7.52e-03    341548 
    799.895     799.721         0.150      4.781      1.2126e-01      1.0902e-02      1.3220e-03      1.1218e-03    5.363e-03     1.961e+02       1.94e-01    2.44e-02    999308 
    799.895     799.721         0.200      4.781      1.2126e-01      2.0894e-02      2.5336e-03      2.1478e-03    1.027e-02     1.024e+02       3.71e-01    4.67e-02    1835304 
    799.895     799.721         0.250      4.781      1.2126e-01      3.1378e-02      3.8049e-03      3.2236e-03    1.541e-02     6.825e+01       5.56e-01    7.00e-02    2719846 
    799.895     799.721         0.300      4.781      1.2126e-01      4.1424e-02      5.0231e-03      4.2544e-03    2.034e-02     5.171e+01       7.34e-01    9.24e-02    3586617 
    799.895     799.721         0.400      4.781      1.2126e-01      5.8540e-02      7.0986e-03      6.0105e-03    2.873e-02     3.660e+01       1.04e+00    1.31e-01    5165182 
    799.895     799.721         0.500      4.781      1.2126e-01      7.1417e-02      8.6602e-03      7.3305e-03    3.504e-02     3.001e+01       1.27e+00    1.59e-01    6501941 
    799.895     799.721         0.600      4.781      1.2126e-01      8.0639e-02      9.7784e-03      8.2746e-03    3.956e-02     2.659e+01       1.43e+00    1.80e-01    7605055 
    799.895     799.721         0.700      4.781      1.2126e-01      8.7129e-02      1.0565e-02      8.9390e-03    4.273e-02     2.461e+01       1.54e+00    1.94e-01    8521123 
    799.895     799.721         0.800      4.781      1.2126e-01      9.1552e-02      1.1102e-02      9.3911e-03    4.490e-02     2.343e+01       1.62e+00    2.04e-01    9285056 
    799.895     799.721         0.900      4.781      1.2126e-01      9.4396e-02      1.1447e-02      9.6783e-03    4.627e-02     2.273e+01       1.67e+00    2.10e-01    9923278 
    799.895     799.721         1.000      4.781      1.2126e-01      9.6142e-02      1.1658e-02      9.8547e-03    4.711e-02     2.232e+01       1.70e+00    2.14e-01    10462084 
    799.895     799.721         1.500      4.781      1.2126e-01      9.5790e-02      1.1616e-02      9.7943e-03    4.682e-02     2.246e+01       1.69e+00    2.13e-01    12207344 
    799.895     799.721         2.000      4.781      1.2126e-01      8.9865e-02      1.0897e-02      9.1648e-03    4.381e-02     2.400e+01       1.58e+00    1.99e-01    13106356 
    799.895     799.721         2.500      4.781      1.2126e-01      8.3089e-02      1.0076e-02      8.4513e-03    4.040e-02     2.603e+01       1.46e+00    1.84e-01    13622348 
    799.895     799.721         3.000      4.781      1.2126e-01      7.6683e-02      9.2987e-03      7.7816e-03    3.720e-02     2.827e+01       1.34e+00    1.69e-01    13948201 
    799.895     799.721         4.000      4.781      1.2126e-01      6.5768e-02      7.9752e-03      6.6466e-03    3.177e-02     3.310e+01       1.15e+00    1.44e-01    14298219 
    799.895     799.721         5.000      4.781      1.2126e-01      5.7364e-02      6.9561e-03      5.7765e-03    2.762e-02     3.809e+01       9.97e-01    1.26e-01    14477106 
    799.895     799.721         6.000      4.781      1.2126e-01      5.0739e-02      6.1528e-03      5.0961e-03    2.436e-02     4.317e+01       8.79e-01    1.11e-01    14571212 
    799.895     799.721         7.000      4.781      1.2126e-01      4.5461e-02      5.5127e-03      4.5549e-03    2.178e-02     4.830e+01       7.86e-01    9.90e-02    14629888 
    799.895     799.721         8.000      4.781      1.2126e-01      4.1138e-02      4.9885e-03      4.1134e-03    1.966e-02     5.348e+01       7.10e-01    8.94e-02    14662563 
    799.895     799.721         9.000      4.781      1.2126e-01      3.7602e-02      4.5597e-03      3.7537e-03    1.794e-02     5.861e+01       6.48e-01    8.16e-02    14682696 
    799.895     799.721         10.000      4.781      1.2126e-01      3.4565e-02      4.1915e-03      3.4454e-03    1.647e-02     6.385e+01       5.95e-01    7.49e-02    14692558 
 
