# Efficiencies for chargino-chargino (without the mass window cut)
  mC1 (GeV)     tau (ns)     eff(SR-Low)     eff(SR-High)
9.000000e+01  2.000000e-01  0.000000e+00  0.000000e+00
9.000000e+01  2.000000e-01  0.000000e+00  0.000000e+00
9.000000e+01  1.000000e+00  6.040305e-05  9.361709e-06
9.000000e+01  1.000000e+00  6.040305e-05  9.361709e-06
9.000000e+01  4.000000e+00  1.492680e-04  1.951770e-05
9.000000e+01  4.000000e+00  1.492680e-04  1.951770e-05
9.000000e+01  1.000000e+01  1.175814e-04  1.525096e-05
9.000000e+01  1.000000e+01  1.175814e-04  1.525096e-05
9.000000e+01  3.000000e+01  1.079584e-04  1.360639e-05
9.000000e+01  3.000000e+01  1.079584e-04  1.360639e-05
9.000000e+01  1.000000e+02  8.801636e-05  1.114037e-05
9.000000e+01  1.000000e+02  8.801636e-05  1.114037e-05
2.000000e+02  2.000000e-01  6.473141e-06  7.998974e-07
2.000000e+02  2.000000e-01  6.473141e-06  7.998974e-07
2.000000e+02  1.000000e+00  6.382873e-04  2.576153e-04
2.000000e+02  1.000000e+00  6.382873e-04  2.576153e-04
2.000000e+02  4.000000e+00  2.379600e-03  1.398874e-03
2.000000e+02  4.000000e+00  2.379600e-03  1.398874e-03
2.000000e+02  1.000000e+01  2.973044e-03  1.629205e-03
2.000000e+02  1.000000e+01  2.973044e-03  1.629205e-03
2.000000e+02  3.000000e+01  2.782606e-03  1.170873e-03
2.000000e+02  3.000000e+01  2.782606e-03  1.170873e-03
2.000000e+02  1.000000e+02  2.681272e-03  9.571397e-04
2.000000e+02  1.000000e+02  2.681272e-03  9.571397e-04
2.500000e+02  2.000000e-01  2.000050e-06  3.020953e-07
2.500000e+02  2.000000e-01  2.000050e-06  3.020953e-07
2.500000e+02  1.000000e+00  8.821525e-04  3.682485e-04
2.500000e+02  1.000000e+00  8.821525e-04  3.682485e-04
2.500000e+02  4.000000e+00  4.057310e-03  2.983471e-03
2.500000e+02  4.000000e+00  4.057310e-03  2.983471e-03
2.500000e+02  1.000000e+01  5.185071e-03  3.869897e-03
2.500000e+02  1.000000e+01  5.185071e-03  3.869897e-03
2.500000e+02  3.000000e+01  5.221238e-03  3.265904e-03
2.500000e+02  3.000000e+01  5.221238e-03  3.265904e-03
2.500000e+02  1.000000e+02  5.201510e-03  2.668158e-03
2.500000e+02  1.000000e+02  5.201510e-03  2.668158e-03
3.000000e+02  2.000000e-01  4.980689e-06  6.585975e-07
3.000000e+02  2.000000e-01  4.980689e-06  6.585975e-07
3.000000e+02  1.000000e+00  1.138034e-03  7.245289e-04
3.000000e+02  1.000000e+00  1.138034e-03  7.245289e-04
3.000000e+02  4.000000e+00  5.220765e-03  4.744195e-03
3.000000e+02  4.000000e+00  5.220765e-03  4.744195e-03
3.000000e+02  1.000000e+01  6.879800e-03  6.657640e-03
3.000000e+02  1.000000e+01  6.879800e-03  6.657640e-03
3.000000e+02  3.000000e+01  7.134209e-03  5.679418e-03
3.000000e+02  3.000000e+01  7.134209e-03  5.679418e-03
3.000000e+02  1.000000e+02  6.786636e-03  4.242543e-03
3.000000e+02  1.000000e+02  6.786636e-03  4.242543e-03
3.500000e+02  2.000000e-01  2.356446e-06  3.516630e-07
3.500000e+02  2.000000e-01  2.356446e-06  3.516630e-07
3.500000e+02  1.000000e+00  1.561597e-03  9.008042e-04
3.500000e+02  1.000000e+00  1.561597e-03  9.008042e-04
3.500000e+02  4.000000e+00  7.014272e-03  7.356062e-03
3.500000e+02  4.000000e+00  7.014272e-03  7.356062e-03
3.500000e+02  1.000000e+01  9.414392e-03  1.037520e-02
3.500000e+02  1.000000e+01  9.414392e-03  1.037520e-02
3.500000e+02  3.000000e+01  9.592882e-03  9.053614e-03
3.500000e+02  3.000000e+01  9.592882e-03  9.053614e-03
3.500000e+02  1.000000e+02  9.194128e-03  6.581340e-03
3.500000e+02  1.000000e+02  9.194128e-03  6.581340e-03
4.000000e+02  2.000000e-01  1.674339e-06  1.845099e-07
4.000000e+02  2.000000e-01  1.674339e-06  1.845099e-07
4.000000e+02  1.000000e+00  1.676343e-03  1.052625e-03
4.000000e+02  1.000000e+00  1.676343e-03  1.052625e-03
4.000000e+02  4.000000e+00  8.702392e-03  1.018152e-02
4.000000e+02  4.000000e+00  8.702392e-03  1.018152e-02
4.000000e+02  1.000000e+01  1.171676e-02  1.526827e-02
4.000000e+02  1.000000e+01  1.171676e-02  1.526827e-02
4.000000e+02  3.000000e+01  1.251044e-02  1.360876e-02
4.000000e+02  3.000000e+01  1.251044e-02  1.360876e-02
4.000000e+02  1.000000e+02  1.164862e-02  9.267586e-03
4.000000e+02  1.000000e+02  1.164862e-02  9.267586e-03
5.000000e+02  2.000000e-01  0.000000e+00  0.000000e+00
5.000000e+02  2.000000e-01  0.000000e+00  0.000000e+00
5.000000e+02  1.000000e+00  4.284076e-03  5.291210e-04
5.000000e+02  1.000000e+00  4.284076e-03  5.291210e-04
5.000000e+02  4.000000e+00  1.361134e-02  1.462599e-02
5.000000e+02  4.000000e+00  1.361134e-02  1.462599e-02
5.000000e+02  1.000000e+01  1.357752e-02  2.386306e-02
5.000000e+02  1.000000e+01  1.357752e-02  2.386306e-02
5.000000e+02  3.000000e+01  1.140541e-02  1.866204e-02
5.000000e+02  3.000000e+01  1.140541e-02  1.866204e-02
5.000000e+02  1.000000e+02  1.063879e-02  5.204777e-03
5.000000e+02  1.000000e+02  1.063879e-02  5.204777e-03
6.000000e+02  2.000000e-01  6.563403e-06  1.165636e-06
6.000000e+02  2.000000e-01  6.563403e-06  1.165636e-06
6.000000e+02  1.000000e+00  2.707671e-03  2.126354e-03
6.000000e+02  1.000000e+00  2.707671e-03  2.126354e-03
6.000000e+02  4.000000e+00  1.359838e-02  1.995600e-02
6.000000e+02  4.000000e+00  1.359838e-02  1.995600e-02
6.000000e+02  1.000000e+01  1.645352e-02  3.188245e-02
6.000000e+02  1.000000e+01  1.645352e-02  3.188245e-02
6.000000e+02  3.000000e+01  1.842983e-02  2.633506e-02
6.000000e+02  3.000000e+01  1.842983e-02  2.633506e-02
6.000000e+02  1.000000e+02  1.677076e-02  1.692509e-02
6.000000e+02  1.000000e+02  1.677076e-02  1.692509e-02
7.000000e+02  2.000000e-01  1.006055e-05  1.174118e-06
7.000000e+02  2.000000e-01  1.006055e-05  1.174118e-06
7.000000e+02  1.000000e+00  2.457641e-03  2.591720e-03
7.000000e+02  1.000000e+00  2.457641e-03  2.591720e-03
7.000000e+02  4.000000e+00  1.433896e-02  2.307269e-02
7.000000e+02  4.000000e+00  1.433896e-02  2.307269e-02
7.000000e+02  1.000000e+01  1.924120e-02  3.574963e-02
7.000000e+02  1.000000e+01  1.924120e-02  3.574963e-02
7.000000e+02  3.000000e+01  2.013041e-02  3.442281e-02
7.000000e+02  3.000000e+01  2.013041e-02  3.442281e-02
7.000000e+02  1.000000e+02  1.839856e-02  2.417138e-02
7.000000e+02  1.000000e+02  1.839856e-02  2.417138e-02
8.000000e+02  2.000000e-01  2.145366e-06  2.038708e-07
8.000000e+02  2.000000e-01  2.145366e-06  2.038708e-07
8.000000e+02  1.000000e+00  2.943182e-03  2.833706e-03
8.000000e+02  1.000000e+00  2.943182e-03  2.833706e-03
8.000000e+02  4.000000e+00  1.607380e-02  2.454531e-02
8.000000e+02  4.000000e+00  1.607380e-02  2.454531e-02
8.000000e+02  1.000000e+01  2.162750e-02  3.953374e-02
8.000000e+02  1.000000e+01  2.162750e-02  3.953374e-02
8.000000e+02  3.000000e+01  2.278805e-02  4.088223e-02
8.000000e+02  3.000000e+01  2.278805e-02  4.088223e-02
8.000000e+02  1.000000e+02  2.116234e-02  2.968554e-02
8.000000e+02  1.000000e+02  2.116234e-02  2.968554e-02
9.000000e+02  2.000000e-01  2.988004e-06  3.239559e-07
9.000000e+02  2.000000e-01  2.988004e-06  3.239559e-07
9.000000e+02  1.000000e+00  3.126000e-03  3.315745e-03
9.000000e+02  1.000000e+00  3.126000e-03  3.315745e-03
9.000000e+02  4.000000e+00  1.687580e-02  2.677512e-02
9.000000e+02  4.000000e+00  1.687580e-02  2.677512e-02
9.000000e+02  1.000000e+01  2.257773e-02  4.403424e-02
9.000000e+02  1.000000e+01  2.257773e-02  4.403424e-02
9.000000e+02  3.000000e+01  2.365583e-02  4.896953e-02
9.000000e+02  3.000000e+01  2.365583e-02  4.896953e-02
9.000000e+02  1.000000e+02  2.233336e-02  3.510281e-02
9.000000e+02  1.000000e+02  2.233336e-02  3.510281e-02
1.000000e+03  2.000000e-01  8.615356e-06  9.504905e-07
1.000000e+03  2.000000e-01  8.615356e-06  9.504905e-07
1.000000e+03  1.000000e+00  3.229898e-03  3.425009e-03
1.000000e+03  1.000000e+00  3.229898e-03  3.425009e-03
1.000000e+03  4.000000e+00  1.724546e-02  3.098186e-02
1.000000e+03  4.000000e+00  1.724546e-02  3.098186e-02
1.000000e+03  1.000000e+01  2.357059e-02  4.998184e-02
1.000000e+03  1.000000e+01  2.357059e-02  4.998184e-02
1.000000e+03  3.000000e+01  2.483365e-02  5.327465e-02
1.000000e+03  3.000000e+01  2.483365e-02  5.327465e-02
1.000000e+03  1.000000e+02  2.293169e-02  3.840296e-02
1.000000e+03  1.000000e+02  2.293169e-02  3.840296e-02
1.100000e+03  2.000000e-01  0.000000e+00  0.000000e+00
1.100000e+03  2.000000e-01  0.000000e+00  0.000000e+00
1.100000e+03  1.000000e+00  3.656326e-03  3.859565e-03
1.100000e+03  1.000000e+00  3.656326e-03  3.859565e-03
1.100000e+03  4.000000e+00  1.811350e-02  3.440725e-02
1.100000e+03  4.000000e+00  1.811350e-02  3.440725e-02
1.100000e+03  1.000000e+01  2.555077e-02  5.612565e-02
1.100000e+03  1.000000e+01  2.555077e-02  5.612565e-02
1.100000e+03  3.000000e+01  2.612439e-02  6.077394e-02
1.100000e+03  3.000000e+01  2.612439e-02  6.077394e-02
1.100000e+03  1.000000e+02  2.345904e-02  4.486096e-02
1.100000e+03  1.000000e+02  2.345904e-02  4.486096e-02
1.200000e+03  2.000000e-01  2.199192e-06  3.172406e-07
1.200000e+03  2.000000e-01  2.199192e-06  3.172406e-07
1.200000e+03  1.000000e+00  3.045268e-03  3.312662e-03
1.200000e+03  1.000000e+00  3.045268e-03  3.312662e-03
1.200000e+03  4.000000e+00  1.717882e-02  3.498324e-02
1.200000e+03  4.000000e+00  1.717882e-02  3.498324e-02
1.200000e+03  1.000000e+01  2.494839e-02  6.003758e-02
1.200000e+03  1.000000e+01  2.494839e-02  6.003758e-02
1.200000e+03  3.000000e+01  2.572030e-02  6.629360e-02
1.200000e+03  3.000000e+01  2.572030e-02  6.629360e-02
1.200000e+03  1.000000e+02  2.370728e-02  4.799475e-02
1.200000e+03  1.000000e+02  2.370728e-02  4.799475e-02
1.300000e+03  2.000000e-01  9.522885e-07  1.628302e-07
1.300000e+03  2.000000e-01  9.522885e-07  1.628302e-07
1.300000e+03  1.000000e+00  3.107334e-03  3.345154e-03
1.300000e+03  1.000000e+00  3.107334e-03  3.345154e-03
1.300000e+03  4.000000e+00  1.775041e-02  3.926039e-02
1.300000e+03  4.000000e+00  1.775041e-02  3.926039e-02
1.300000e+03  1.000000e+01  2.527461e-02  6.552676e-02
1.300000e+03  1.000000e+01  2.527461e-02  6.552676e-02
1.300000e+03  3.000000e+01  2.714174e-02  7.104214e-02
1.300000e+03  3.000000e+01  2.714174e-02  7.104214e-02
1.300000e+03  1.000000e+02  2.381733e-02  5.409120e-02
1.300000e+03  1.000000e+02  2.381733e-02  5.409120e-02
1.400000e+03  2.000000e-01  3.063963e-08  3.178613e-09
1.400000e+03  2.000000e-01  3.063963e-08  3.178613e-09
1.400000e+03  1.000000e+00  2.530967e-03  3.432882e-03
1.400000e+03  1.000000e+00  2.530967e-03  3.432882e-03
1.400000e+03  4.000000e+00  1.818607e-02  4.232886e-02
1.400000e+03  4.000000e+00  1.818607e-02  4.232886e-02
1.400000e+03  1.000000e+01  2.514152e-02  6.919777e-02
1.400000e+03  1.000000e+01  2.514152e-02  6.919777e-02
1.400000e+03  3.000000e+01  2.571732e-02  7.434429e-02
1.400000e+03  3.000000e+01  2.571732e-02  7.434429e-02
1.400000e+03  1.000000e+02  2.393387e-02  5.579643e-02
1.400000e+03  1.000000e+02  2.393387e-02  5.579643e-02
1.500000e+03  2.000000e-01  5.465417e-09  1.015441e-09
1.500000e+03  2.000000e-01  5.465417e-09  1.015441e-09
1.500000e+03  1.000000e+00  3.328982e-03  4.358632e-03
1.500000e+03  1.000000e+00  3.328982e-03  4.358632e-03
1.500000e+03  4.000000e+00  1.834492e-02  4.322602e-02
1.500000e+03  4.000000e+00  1.834492e-02  4.322602e-02
1.500000e+03  1.000000e+01  2.580468e-02  7.099460e-02
1.500000e+03  1.000000e+01  2.580468e-02  7.099460e-02
1.500000e+03  3.000000e+01  2.590618e-02  7.617076e-02
1.500000e+03  3.000000e+01  2.590618e-02  7.617076e-02
1.500000e+03  1.000000e+02  2.330287e-02  5.566910e-02
1.500000e+03  1.000000e+02  2.330287e-02  5.566910e-02
1.600000e+03  2.000000e-01  0.000000e+00  0.000000e+00
1.600000e+03  2.000000e-01  0.000000e+00  0.000000e+00
1.600000e+03  1.000000e+00  2.762613e-03  4.046789e-03
1.600000e+03  1.000000e+00  2.762613e-03  4.046789e-03
1.600000e+03  4.000000e+00  1.642027e-02  4.168970e-02
1.600000e+03  4.000000e+00  1.642027e-02  4.168970e-02
1.600000e+03  1.000000e+01  2.266733e-02  7.259272e-02
1.600000e+03  1.000000e+01  2.266733e-02  7.259272e-02
1.600000e+03  3.000000e+01  2.391470e-02  8.230584e-02
1.600000e+03  3.000000e+01  2.391470e-02  8.230584e-02
1.600000e+03  1.000000e+02  2.135351e-02  5.945446e-02
1.600000e+03  1.000000e+02  2.135351e-02  5.945446e-02
